10
0 0 0
0 1 0
0 2 803
0 3 0
0 4 0
0 5 414
0 6 663
0 7 0
0 8 882
0 9 569
1 0 0
1 1 0
1 2 824
1 3 0
1 4 0
1 5 585
1 6 0
1 7 497
1 8 0
1 9 0
2 0 803
2 1 824
2 2 0
2 3 868
2 4 564
2 5 986
2 6 376
2 7 686
2 8 0
2 9 931
3 0 0
3 1 0
3 2 868
3 3 0
3 4 560
3 5 516
3 6 796
3 7 10
3 8 146
3 9 169
4 0 0
4 1 0
4 2 564
4 3 560
4 4 0
4 5 0
4 6 0
4 7 174
4 8 927
4 9 504
5 0 414
5 1 585
5 2 986
5 3 516
5 4 0
5 5 0
5 6 340
5 7 0
5 8 303
5 9 438
6 0 663
6 1 0
6 2 376
6 3 796
6 4 0
6 5 340
6 6 0
6 7 0
6 8 568
6 9 234
7 0 0
7 1 497
7 2 686
7 3 10
7 4 174
7 5 0
7 6 0
7 7 0
7 8 249
7 9 0
8 0 882
8 1 0
8 2 0
8 3 146
8 4 927
8 5 303
8 6 568
8 7 249
8 8 0
8 9 696
9 0 569
9 1 0
9 2 931
9 3 169
9 4 504
9 5 438
9 6 234
9 7 0
9 8 696
9 9 0
