100
0 0 0
0 1 0
0 2 0
0 3 0
0 4 908
0 5 0
0 6 630
0 7 313
0 8 832
0 9 384
0 10 0
0 11 241
0 12 0
0 13 0
0 14 12
0 15 515
0 16 976
0 17 509
0 18 0
0 19 328
0 20 631
0 21 0
0 22 0
0 23 836
0 24 0
0 25 779
0 26 391
0 27 841
0 28 0
0 29 278
0 30 0
0 31 818
0 32 0
0 33 0
0 34 840
0 35 0
0 36 0
0 37 0
0 38 957
0 39 235
0 40 0
0 41 0
0 42 289
0 43 94
0 44 337
0 45 386
0 46 0
0 47 0
0 48 666
0 49 0
0 50 805
0 51 827
0 52 0
0 53 0
0 54 0
0 55 0
0 56 0
0 57 394
0 58 0
0 59 0
0 60 0
0 61 0
0 62 0
0 63 0
0 64 0
0 65 0
0 66 0
0 67 0
0 68 221
0 69 467
0 70 429
0 71 0
0 72 809
0 73 844
0 74 0
0 75 0
0 76 44
0 77 0
0 78 0
0 79 0
0 80 829
0 81 0
0 82 144
0 83 0
0 84 0
0 85 491
0 86 20
0 87 790
0 88 686
0 89 0
0 90 0
0 91 726
0 92 0
0 93 0
0 94 0
0 95 0
0 96 0
0 97 0
0 98 0
0 99 462
1 0 0
1 1 0
1 2 549
1 3 0
1 4 0
1 5 0
1 6 0
1 7 0
1 8 675
1 9 0
1 10 168
1 11 0
1 12 743
1 13 140
1 14 580
1 15 110
1 16 0
1 17 0
1 18 0
1 19 319
1 20 0
1 21 449
1 22 0
1 23 0
1 24 647
1 25 0
1 26 0
1 27 439
1 28 433
1 29 572
1 30 825
1 31 838
1 32 0
1 33 0
1 34 300
1 35 0
1 36 0
1 37 554
1 38 0
1 39 0
1 40 0
1 41 0
1 42 0
1 43 0
1 44 685
1 45 0
1 46 0
1 47 0
1 48 0
1 49 312
1 50 421
1 51 0
1 52 0
1 53 0
1 54 101
1 55 451
1 56 754
1 57 0
1 58 0
1 59 268
1 60 376
1 61 272
1 62 0
1 63 0
1 64 0
1 65 184
1 66 224
1 67 0
1 68 897
1 69 0
1 70 773
1 71 0
1 72 289
1 73 0
1 74 529
1 75 269
1 76 792
1 77 312
1 78 749
1 79 0
1 80 0
1 81 0
1 82 937
1 83 0
1 84 0
1 85 0
1 86 0
1 87 959
1 88 834
1 89 0
1 90 0
1 91 782
1 92 0
1 93 0
1 94 481
1 95 962
1 96 951
1 97 413
1 98 0
1 99 0
2 0 0
2 1 549
2 2 0
2 3 640
2 4 0
2 5 101
2 6 329
2 7 207
2 8 574
2 9 234
2 10 0
2 11 493
2 12 0
2 13 0
2 14 422
2 15 294
2 16 764
2 17 0
2 18 0
2 19 963
2 20 0
2 21 0
2 22 561
2 23 0
2 24 333
2 25 220
2 26 0
2 27 975
2 28 510
2 29 978
2 30 0
2 31 0
2 32 0
2 33 0
2 34 603
2 35 0
2 36 0
2 37 0
2 38 0
2 39 922
2 40 0
2 41 0
2 42 674
2 43 773
2 44 611
2 45 694
2 46 0
2 47 0
2 48 0
2 49 0
2 50 0
2 51 651
2 52 174
2 53 0
2 54 0
2 55 0
2 56 682
2 57 563
2 58 358
2 59 0
2 60 0
2 61 0
2 62 0
2 63 0
2 64 0
2 65 0
2 66 148
2 67 0
2 68 0
2 69 301
2 70 0
2 71 0
2 72 879
2 73 0
2 74 343
2 75 0
2 76 0
2 77 387
2 78 965
2 79 0
2 80 638
2 81 399
2 82 0
2 83 0
2 84 0
2 85 342
2 86 0
2 87 553
2 88 571
2 89 75
2 90 800
2 91 0
2 92 0
2 93 0
2 94 0
2 95 0
2 96 413
2 97 0
2 98 0
2 99 675
3 0 0
3 1 0
3 2 640
3 3 0
3 4 249
3 5 895
3 6 993
3 7 0
3 8 123
3 9 562
3 10 0
3 11 482
3 12 0
3 13 935
3 14 0
3 15 0
3 16 0
3 17 67
3 18 621
3 19 0
3 20 0
3 21 0
3 22 0
3 23 759
3 24 0
3 25 648
3 26 0
3 27 0
3 28 0
3 29 120
3 30 0
3 31 0
3 32 0
3 33 0
3 34 0
3 35 0
3 36 0
3 37 396
3 38 779
3 39 776
3 40 0
3 41 0
3 42 48
3 43 0
3 44 858
3 45 0
3 46 486
3 47 686
3 48 0
3 49 0
3 50 0
3 51 942
3 52 226
3 53 367
3 54 0
3 55 528
3 56 693
3 57 0
3 58 0
3 59 182
3 60 0
3 61 0
3 62 897
3 63 610
3 64 0
3 65 497
3 66 0
3 67 833
3 68 0
3 69 544
3 70 0
3 71 913
3 72 871
3 73 924
3 74 0
3 75 0
3 76 0
3 77 0
3 78 0
3 79 0
3 80 0
3 81 325
3 82 602
3 83 0
3 84 893
3 85 0
3 86 0
3 87 977
3 88 0
3 89 0
3 90 362
3 91 0
3 92 771
3 93 0
3 94 0
3 95 403
3 96 739
3 97 0
3 98 443
3 99 387
4 0 908
4 1 0
4 2 0
4 3 249
4 4 0
4 5 292
4 6 28
4 7 0
4 8 0
4 9 0
4 10 0
4 11 251
4 12 0
4 13 0
4 14 0
4 15 902
4 16 928
4 17 248
4 18 408
4 19 738
4 20 0
4 21 0
4 22 200
4 23 0
4 24 0
4 25 524
4 26 0
4 27 0
4 28 0
4 29 0
4 30 10
4 31 25
4 32 0
4 33 0
4 34 0
4 35 0
4 36 632
4 37 0
4 38 0
4 39 11
4 40 0
4 41 0
4 42 0
4 43 701
4 44 0
4 45 0
4 46 419
4 47 0
4 48 0
4 49 0
4 50 595
4 51 0
4 52 115
4 53 0
4 54 698
4 55 0
4 56 0
4 57 0
4 58 224
4 59 252
4 60 0
4 61 0
4 62 612
4 63 914
4 64 0
4 65 0
4 66 0
4 67 0
4 68 0
4 69 494
4 70 0
4 71 601
4 72 0
4 73 765
4 74 0
4 75 110
4 76 0
4 77 375
4 78 558
4 79 0
4 80 0
4 81 510
4 82 364
4 83 534
4 84 0
4 85 0
4 86 150
4 87 567
4 88 207
4 89 954
4 90 343
4 91 894
4 92 0
4 93 893
4 94 0
4 95 0
4 96 332
4 97 377
4 98 164
4 99 770
5 0 0
5 1 0
5 2 101
5 3 895
5 4 292
5 5 0
5 6 888
5 7 0
5 8 657
5 9 0
5 10 0
5 11 0
5 12 299
5 13 0
5 14 891
5 15 0
5 16 0
5 17 0
5 18 297
5 19 0
5 20 0
5 21 0
5 22 0
5 23 0
5 24 52
5 25 255
5 26 690
5 27 347
5 28 246
5 29 0
5 30 508
5 31 0
5 32 0
5 33 0
5 34 0
5 35 0
5 36 0
5 37 212
5 38 0
5 39 397
5 40 36
5 41 301
5 42 597
5 43 0
5 44 0
5 45 0
5 46 877
5 47 0
5 48 283
5 49 0
5 50 488
5 51 575
5 52 964
5 53 213
5 54 0
5 55 463
5 56 0
5 57 0
5 58 69
5 59 744
5 60 203
5 61 0
5 62 299
5 63 0
5 64 272
5 65 0
5 66 467
5 67 0
5 68 450
5 69 0
5 70 0
5 71 0
5 72 0
5 73 0
5 74 462
5 75 0
5 76 475
5 77 612
5 78 503
5 79 160
5 80 522
5 81 0
5 82 0
5 83 100
5 84 0
5 85 0
5 86 318
5 87 0
5 88 0
5 89 0
5 90 0
5 91 731
5 92 0
5 93 0
5 94 0
5 95 445
5 96 227
5 97 0
5 98 0
5 99 603
6 0 630
6 1 0
6 2 329
6 3 993
6 4 28
6 5 888
6 6 0
6 7 760
6 8 0
6 9 0
6 10 359
6 11 883
6 12 0
6 13 0
6 14 245
6 15 0
6 16 0
6 17 0
6 18 898
6 19 503
6 20 0
6 21 940
6 22 614
6 23 0
6 24 109
6 25 0
6 26 267
6 27 0
6 28 159
6 29 886
6 30 0
6 31 0
6 32 0
6 33 0
6 34 210
6 35 0
6 36 795
6 37 0
6 38 0
6 39 0
6 40 240
6 41 414
6 42 529
6 43 668
6 44 671
6 45 0
6 46 40
6 47 0
6 48 0
6 49 0
6 50 826
6 51 647
6 52 0
6 53 465
6 54 785
6 55 484
6 56 76
6 57 111
6 58 0
6 59 0
6 60 80
6 61 0
6 62 0
6 63 0
6 64 0
6 65 0
6 66 0
6 67 0
6 68 864
6 69 0
6 70 132
6 71 301
6 72 983
6 73 725
6 74 0
6 75 80
6 76 0
6 77 555
6 78 0
6 79 191
6 80 0
6 81 972
6 82 57
6 83 498
6 84 984
6 85 898
6 86 0
6 87 443
6 88 847
6 89 0
6 90 0
6 91 0
6 92 859
6 93 107
6 94 0
6 95 22
6 96 0
6 97 478
6 98 943
6 99 0
7 0 313
7 1 0
7 2 207
7 3 0
7 4 0
7 5 0
7 6 760
7 7 0
7 8 0
7 9 157
7 10 91
7 11 446
7 12 940
7 13 337
7 14 14
7 15 0
7 16 0
7 17 0
7 18 614
7 19 442
7 20 0
7 21 0
7 22 10
7 23 206
7 24 32
7 25 0
7 26 0
7 27 682
7 28 0
7 29 0
7 30 697
7 31 0
7 32 233
7 33 334
7 34 326
7 35 302
7 36 0
7 37 0
7 38 589
7 39 0
7 40 0
7 41 575
7 42 0
7 43 0
7 44 0
7 45 0
7 46 0
7 47 0
7 48 0
7 49 871
7 50 0
7 51 0
7 52 541
7 53 0
7 54 0
7 55 0
7 56 663
7 57 0
7 58 0
7 59 574
7 60 0
7 61 0
7 62 0
7 63 900
7 64 0
7 65 577
7 66 576
7 67 356
7 68 959
7 69 782
7 70 0
7 71 481
7 72 906
7 73 0
7 74 516
7 75 0
7 76 0
7 77 893
7 78 0
7 79 0
7 80 466
7 81 0
7 82 609
7 83 0
7 84 154
7 85 490
7 86 37
7 87 0
7 88 0
7 89 58
7 90 0
7 91 0
7 92 0
7 93 640
7 94 0
7 95 423
7 96 0
7 97 0
7 98 0
7 99 0
8 0 832
8 1 675
8 2 574
8 3 123
8 4 0
8 5 657
8 6 0
8 7 0
8 8 0
8 9 0
8 10 105
8 11 905
8 12 693
8 13 0
8 14 0
8 15 0
8 16 0
8 17 0
8 18 0
8 19 508
8 20 0
8 21 0
8 22 0
8 23 0
8 24 0
8 25 562
8 26 0
8 27 151
8 28 426
8 29 381
8 30 992
8 31 965
8 32 0
8 33 0
8 34 551
8 35 325
8 36 0
8 37 0
8 38 0
8 39 0
8 40 972
8 41 0
8 42 0
8 43 0
8 44 315
8 45 0
8 46 539
8 47 894
8 48 615
8 49 0
8 50 0
8 51 341
8 52 0
8 53 985
8 54 0
8 55 136
8 56 498
8 57 326
8 58 644
8 59 0
8 60 595
8 61 766
8 62 0
8 63 961
8 64 0
8 65 48
8 66 822
8 67 0
8 68 0
8 69 485
8 70 377
8 71 0
8 72 833
8 73 728
8 74 892
8 75 70
8 76 0
8 77 0
8 78 927
8 79 886
8 80 0
8 81 222
8 82 451
8 83 261
8 84 581
8 85 304
8 86 0
8 87 0
8 88 179
8 89 351
8 90 0
8 91 336
8 92 493
8 93 10
8 94 0
8 95 919
8 96 668
8 97 0
8 98 0
8 99 585
9 0 384
9 1 0
9 2 234
9 3 562
9 4 0
9 5 0
9 6 0
9 7 157
9 8 0
9 9 0
9 10 956
9 11 0
9 12 0
9 13 0
9 14 533
9 15 0
9 16 174
9 17 0
9 18 741
9 19 860
9 20 316
9 21 641
9 22 994
9 23 60
9 24 29
9 25 805
9 26 916
9 27 0
9 28 649
9 29 0
9 30 228
9 31 451
9 32 957
9 33 119
9 34 0
9 35 0
9 36 342
9 37 0
9 38 0
9 39 0
9 40 459
9 41 0
9 42 0
9 43 0
9 44 0
9 45 0
9 46 0
9 47 85
9 48 85
9 49 0
9 50 0
9 51 683
9 52 442
9 53 412
9 54 24
9 55 514
9 56 840
9 57 0
9 58 0
9 59 0
9 60 315
9 61 587
9 62 0
9 63 78
9 64 999
9 65 0
9 66 896
9 67 0
9 68 0
9 69 65
9 70 772
9 71 0
9 72 0
9 73 982
9 74 23
9 75 569
9 76 0
9 77 102
9 78 0
9 79 0
9 80 435
9 81 976
9 82 590
9 83 0
9 84 0
9 85 365
9 86 0
9 87 849
9 88 992
9 89 0
9 90 436
9 91 0
9 92 170
9 93 999
9 94 644
9 95 559
9 96 0
9 97 396
9 98 197
9 99 541
10 0 0
10 1 168
10 2 0
10 3 0
10 4 0
10 5 0
10 6 359
10 7 91
10 8 105
10 9 956
10 10 0
10 11 0
10 12 984
10 13 0
10 14 82
10 15 0
10 16 401
10 17 0
10 18 0
10 19 297
10 20 0
10 21 0
10 22 0
10 23 0
10 24 107
10 25 0
10 26 0
10 27 0
10 28 281
10 29 766
10 30 0
10 31 0
10 32 521
10 33 491
10 34 0
10 35 810
10 36 736
10 37 0
10 38 605
10 39 511
10 40 567
10 41 0
10 42 467
10 43 0
10 44 883
10 45 0
10 46 343
10 47 0
10 48 0
10 49 505
10 50 0
10 51 25
10 52 0
10 53 0
10 54 716
10 55 0
10 56 0
10 57 491
10 58 71
10 59 0
10 60 0
10 61 0
10 62 0
10 63 872
10 64 692
10 65 212
10 66 854
10 67 0
10 68 979
10 69 489
10 70 0
10 71 0
10 72 0
10 73 0
10 74 177
10 75 539
10 76 22
10 77 0
10 78 300
10 79 0
10 80 793
10 81 265
10 82 0
10 83 0
10 84 292
10 85 768
10 86 0
10 87 0
10 88 646
10 89 137
10 90 446
10 91 0
10 92 0
10 93 0
10 94 0
10 95 0
10 96 0
10 97 0
10 98 0
10 99 0
11 0 241
11 1 0
11 2 493
11 3 482
11 4 251
11 5 0
11 6 883
11 7 446
11 8 905
11 9 0
11 10 0
11 11 0
11 12 751
11 13 0
11 14 772
11 15 0
11 16 980
11 17 0
11 18 0
11 19 0
11 20 0
11 21 492
11 22 82
11 23 0
11 24 236
11 25 0
11 26 978
11 27 428
11 28 963
11 29 543
11 30 1000
11 31 730
11 32 12
11 33 464
11 34 0
11 35 0
11 36 0
11 37 271
11 38 0
11 39 335
11 40 875
11 41 783
11 42 556
11 43 699
11 44 0
11 45 0
11 46 0
11 47 771
11 48 223
11 49 984
11 50 0
11 51 0
11 52 658
11 53 0
11 54 0
11 55 261
11 56 541
11 57 615
11 58 0
11 59 0
11 60 0
11 61 0
11 62 0
11 63 0
11 64 607
11 65 450
11 66 565
11 67 40
11 68 810
11 69 230
11 70 0
11 71 225
11 72 0
11 73 896
11 74 606
11 75 0
11 76 224
11 77 425
11 78 628
11 79 0
11 80 234
11 81 550
11 82 498
11 83 0
11 84 838
11 85 0
11 86 580
11 87 326
11 88 0
11 89 0
11 90 0
11 91 380
11 92 0
11 93 460
11 94 486
11 95 0
11 96 114
11 97 0
11 98 0
11 99 0
12 0 0
12 1 743
12 2 0
12 3 0
12 4 0
12 5 299
12 6 0
12 7 940
12 8 693
12 9 0
12 10 984
12 11 751
12 12 0
12 13 39
12 14 800
12 15 0
12 16 0
12 17 0
12 18 171
12 19 849
12 20 0
12 21 0
12 22 151
12 23 295
12 24 0
12 25 339
12 26 986
12 27 643
12 28 566
12 29 490
12 30 29
12 31 0
12 32 0
12 33 17
12 34 498
12 35 922
12 36 554
12 37 383
12 38 0
12 39 49
12 40 886
12 41 0
12 42 0
12 43 827
12 44 788
12 45 0
12 46 51
12 47 199
12 48 974
12 49 206
12 50 0
12 51 0
12 52 683
12 53 0
12 54 0
12 55 923
12 56 649
12 57 27
12 58 714
12 59 459
12 60 0
12 61 51
12 62 788
12 63 0
12 64 0
12 65 201
12 66 895
12 67 988
12 68 71
12 69 0
12 70 297
12 71 770
12 72 276
12 73 653
12 74 0
12 75 0
12 76 0
12 77 271
12 78 0
12 79 0
12 80 457
12 81 0
12 82 0
12 83 915
12 84 785
12 85 795
12 86 0
12 87 480
12 88 0
12 89 0
12 90 583
12 91 0
12 92 648
12 93 0
12 94 71
12 95 0
12 96 0
12 97 563
12 98 114
12 99 0
13 0 0
13 1 140
13 2 0
13 3 935
13 4 0
13 5 0
13 6 0
13 7 337
13 8 0
13 9 0
13 10 0
13 11 0
13 12 39
13 13 0
13 14 639
13 15 0
13 16 772
13 17 0
13 18 84
13 19 0
13 20 0
13 21 0
13 22 345
13 23 0
13 24 123
13 25 0
13 26 0
13 27 0
13 28 0
13 29 973
13 30 0
13 31 802
13 32 0
13 33 0
13 34 0
13 35 0
13 36 358
13 37 0
13 38 0
13 39 0
13 40 808
13 41 537
13 42 0
13 43 828
13 44 0
13 45 457
13 46 0
13 47 0
13 48 0
13 49 790
13 50 113
13 51 0
13 52 0
13 53 0
13 54 0
13 55 0
13 56 0
13 57 0
13 58 0
13 59 939
13 60 279
13 61 0
13 62 898
13 63 0
13 64 771
13 65 632
13 66 0
13 67 0
13 68 83
13 69 677
13 70 620
13 71 992
13 72 914
13 73 0
13 74 0
13 75 629
13 76 0
13 77 0
13 78 0
13 79 569
13 80 0
13 81 0
13 82 80
13 83 344
13 84 0
13 85 397
13 86 0
13 87 258
13 88 61
13 89 0
13 90 0
13 91 686
13 92 646
13 93 578
13 94 68
13 95 14
13 96 744
13 97 939
13 98 0
13 99 800
14 0 12
14 1 580
14 2 422
14 3 0
14 4 0
14 5 891
14 6 245
14 7 14
14 8 0
14 9 533
14 10 82
14 11 772
14 12 800
14 13 639
14 14 0
14 15 0
14 16 0
14 17 654
14 18 1000
14 19 515
14 20 434
14 21 0
14 22 0
14 23 562
14 24 0
14 25 0
14 26 0
14 27 748
14 28 0
14 29 0
14 30 0
14 31 0
14 32 0
14 33 0
14 34 171
14 35 144
14 36 0
14 37 232
14 38 797
14 39 670
14 40 0
14 41 64
14 42 0
14 43 195
14 44 21
14 45 0
14 46 0
14 47 0
14 48 262
14 49 0
14 50 765
14 51 95
14 52 0
14 53 384
14 54 0
14 55 704
14 56 167
14 57 0
14 58 256
14 59 346
14 60 0
14 61 777
14 62 796
14 63 0
14 64 946
14 65 0
14 66 0
14 67 969
14 68 886
14 69 0
14 70 639
14 71 0
14 72 0
14 73 0
14 74 0
14 75 288
14 76 905
14 77 34
14 78 0
14 79 0
14 80 0
14 81 0
14 82 0
14 83 0
14 84 0
14 85 0
14 86 631
14 87 271
14 88 458
14 89 0
14 90 434
14 91 0
14 92 0
14 93 0
14 94 726
14 95 0
14 96 929
14 97 0
14 98 0
14 99 0
15 0 515
15 1 110
15 2 294
15 3 0
15 4 902
15 5 0
15 6 0
15 7 0
15 8 0
15 9 0
15 10 0
15 11 0
15 12 0
15 13 0
15 14 0
15 15 0
15 16 0
15 17 955
15 18 0
15 19 0
15 20 918
15 21 0
15 22 980
15 23 0
15 24 0
15 25 520
15 26 957
15 27 0
15 28 802
15 29 0
15 30 0
15 31 0
15 32 990
15 33 0
15 34 386
15 35 765
15 36 0
15 37 0
15 38 837
15 39 318
15 40 122
15 41 0
15 42 0
15 43 0
15 44 0
15 45 584
15 46 0
15 47 549
15 48 0
15 49 0
15 50 0
15 51 0
15 52 0
15 53 0
15 54 697
15 55 0
15 56 0
15 57 0
15 58 603
15 59 995
15 60 0
15 61 0
15 62 110
15 63 0
15 64 949
15 65 0
15 66 202
15 67 279
15 68 0
15 69 239
15 70 252
15 71 0
15 72 684
15 73 0
15 74 864
15 75 0
15 76 558
15 77 0
15 78 876
15 79 0
15 80 159
15 81 439
15 82 0
15 83 0
15 84 294
15 85 0
15 86 981
15 87 269
15 88 216
15 89 236
15 90 0
15 91 414
15 92 0
15 93 0
15 94 457
15 95 422
15 96 30
15 97 132
15 98 0
15 99 0
16 0 976
16 1 0
16 2 764
16 3 0
16 4 928
16 5 0
16 6 0
16 7 0
16 8 0
16 9 174
16 10 401
16 11 980
16 12 0
16 13 772
16 14 0
16 15 0
16 16 0
16 17 778
16 18 0
16 19 209
16 20 286
16 21 582
16 22 509
16 23 0
16 24 264
16 25 0
16 26 633
16 27 0
16 28 806
16 29 0
16 30 420
16 31 394
16 32 633
16 33 694
16 34 0
16 35 0
16 36 288
16 37 382
16 38 0
16 39 550
16 40 648
16 41 399
16 42 549
16 43 394
16 44 0
16 45 726
16 46 63
16 47 424
16 48 0
16 49 342
16 50 0
16 51 493
16 52 367
16 53 383
16 54 0
16 55 0
16 56 261
16 57 0
16 58 28
16 59 421
16 60 0
16 61 34
16 62 0
16 63 0
16 64 0
16 65 0
16 66 0
16 67 0
16 68 0
16 69 670
16 70 271
16 71 0
16 72 369
16 73 136
16 74 0
16 75 0
16 76 0
16 77 552
16 78 0
16 79 0
16 80 234
16 81 0
16 82 158
16 83 0
16 84 507
16 85 920
16 86 229
16 87 0
16 88 0
16 89 0
16 90 0
16 91 718
16 92 874
16 93 0
16 94 0
16 95 0
16 96 0
16 97 244
16 98 0
16 99 0
17 0 509
17 1 0
17 2 0
17 3 67
17 4 248
17 5 0
17 6 0
17 7 0
17 8 0
17 9 0
17 10 0
17 11 0
17 12 0
17 13 0
17 14 654
17 15 955
17 16 778
17 17 0
17 18 0
17 19 0
17 20 0
17 21 0
17 22 0
17 23 0
17 24 564
17 25 114
17 26 0
17 27 730
17 28 0
17 29 0
17 30 0
17 31 959
17 32 179
17 33 0
17 34 518
17 35 0
17 36 0
17 37 55
17 38 0
17 39 0
17 40 214
17 41 0
17 42 432
17 43 129
17 44 0
17 45 682
17 46 856
17 47 0
17 48 0
17 49 0
17 50 276
17 51 845
17 52 240
17 53 0
17 54 18
17 55 0
17 56 399
17 57 0
17 58 790
17 59 0
17 60 0
17 61 0
17 62 0
17 63 0
17 64 191
17 65 0
17 66 0
17 67 379
17 68 628
17 69 0
17 70 206
17 71 0
17 72 0
17 73 859
17 74 839
17 75 545
17 76 0
17 77 0
17 78 0
17 79 15
17 80 0
17 81 792
17 82 649
17 83 556
17 84 792
17 85 542
17 86 0
17 87 0
17 88 110
17 89 33
17 90 527
17 91 960
17 92 0
17 93 63
17 94 410
17 95 412
17 96 0
17 97 0
17 98 0
17 99 222
18 0 0
18 1 0
18 2 0
18 3 621
18 4 408
18 5 297
18 6 898
18 7 614
18 8 0
18 9 741
18 10 0
18 11 0
18 12 171
18 13 84
18 14 1000
18 15 0
18 16 0
18 17 0
18 18 0
18 19 0
18 20 0
18 21 0
18 22 92
18 23 518
18 24 778
18 25 971
18 26 642
18 27 0
18 28 671
18 29 83
18 30 760
18 31 0
18 32 372
18 33 0
18 34 0
18 35 0
18 36 281
18 37 918
18 38 821
18 39 148
18 40 0
18 41 0
18 42 24
18 43 210
18 44 974
18 45 620
18 46 443
18 47 0
18 48 0
18 49 436
18 50 0
18 51 20
18 52 298
18 53 721
18 54 776
18 55 383
18 56 0
18 57 538
18 58 826
18 59 69
18 60 0
18 61 664
18 62 0
18 63 730
18 64 0
18 65 997
18 66 0
18 67 485
18 68 0
18 69 852
18 70 0
18 71 136
18 72 396
18 73 0
18 74 0
18 75 0
18 76 0
18 77 660
18 78 0
18 79 0
18 80 719
18 81 0
18 82 0
18 83 99
18 84 284
18 85 982
18 86 0
18 87 0
18 88 0
18 89 0
18 90 0
18 91 140
18 92 0
18 93 132
18 94 0
18 95 418
18 96 0
18 97 0
18 98 887
18 99 262
19 0 328
19 1 319
19 2 963
19 3 0
19 4 738
19 5 0
19 6 503
19 7 442
19 8 508
19 9 860
19 10 297
19 11 0
19 12 849
19 13 0
19 14 515
19 15 0
19 16 209
19 17 0
19 18 0
19 19 0
19 20 0
19 21 0
19 22 614
19 23 0
19 24 31
19 25 819
19 26 0
19 27 18
19 28 486
19 29 0
19 30 0
19 31 559
19 32 0
19 33 937
19 34 221
19 35 0
19 36 323
19 37 0
19 38 0
19 39 0
19 40 0
19 41 0
19 42 0
19 43 0
19 44 666
19 45 485
19 46 0
19 47 863
19 48 0
19 49 0
19 50 0
19 51 347
19 52 553
19 53 45
19 54 0
19 55 691
19 56 0
19 57 0
19 58 0
19 59 253
19 60 36
19 61 611
19 62 0
19 63 0
19 64 230
19 65 84
19 66 464
19 67 0
19 68 0
19 69 0
19 70 0
19 71 0
19 72 116
19 73 366
19 74 43
19 75 0
19 76 0
19 77 36
19 78 0
19 79 0
19 80 0
19 81 295
19 82 0
19 83 730
19 84 0
19 85 154
19 86 149
19 87 0
19 88 266
19 89 423
19 90 0
19 91 999
19 92 0
19 93 338
19 94 0
19 95 0
19 96 0
19 97 0
19 98 714
19 99 0
20 0 631
20 1 0
20 2 0
20 3 0
20 4 0
20 5 0
20 6 0
20 7 0
20 8 0
20 9 316
20 10 0
20 11 0
20 12 0
20 13 0
20 14 434
20 15 918
20 16 286
20 17 0
20 18 0
20 19 0
20 20 0
20 21 0
20 22 474
20 23 300
20 24 248
20 25 170
20 26 0
20 27 608
20 28 82
20 29 0
20 30 430
20 31 0
20 32 0
20 33 693
20 34 604
20 35 0
20 36 0
20 37 0
20 38 485
20 39 848
20 40 278
20 41 0
20 42 851
20 43 0
20 44 0
20 45 851
20 46 617
20 47 531
20 48 0
20 49 0
20 50 612
20 51 233
20 52 313
20 53 0
20 54 0
20 55 419
20 56 510
20 57 0
20 58 874
20 59 453
20 60 180
20 61 880
20 62 0
20 63 101
20 64 0
20 65 0
20 66 127
20 67 0
20 68 279
20 69 0
20 70 211
20 71 452
20 72 0
20 73 0
20 74 956
20 75 495
20 76 0
20 77 139
20 78 679
20 79 0
20 80 0
20 81 0
20 82 0
20 83 0
20 84 242
20 85 168
20 86 698
20 87 0
20 88 0
20 89 837
20 90 0
20 91 582
20 92 774
20 93 803
20 94 0
20 95 243
20 96 44
20 97 0
20 98 906
20 99 597
21 0 0
21 1 449
21 2 0
21 3 0
21 4 0
21 5 0
21 6 940
21 7 0
21 8 0
21 9 641
21 10 0
21 11 492
21 12 0
21 13 0
21 14 0
21 15 0
21 16 582
21 17 0
21 18 0
21 19 0
21 20 0
21 21 0
21 22 475
21 23 133
21 24 0
21 25 0
21 26 561
21 27 0
21 28 0
21 29 575
21 30 0
21 31 0
21 32 0
21 33 145
21 34 48
21 35 278
21 36 356
21 37 348
21 38 0
21 39 0
21 40 0
21 41 930
21 42 0
21 43 0
21 44 0
21 45 0
21 46 969
21 47 916
21 48 172
21 49 834
21 50 0
21 51 0
21 52 0
21 53 0
21 54 972
21 55 0
21 56 0
21 57 0
21 58 218
21 59 97
21 60 0
21 61 414
21 62 225
21 63 0
21 64 198
21 65 0
21 66 24
21 67 64
21 68 0
21 69 43
21 70 950
21 71 0
21 72 0
21 73 0
21 74 353
21 75 221
21 76 0
21 77 746
21 78 10
21 79 0
21 80 0
21 81 13
21 82 0
21 83 0
21 84 0
21 85 839
21 86 794
21 87 0
21 88 916
21 89 568
21 90 976
21 91 501
21 92 0
21 93 837
21 94 0
21 95 0
21 96 0
21 97 0
21 98 0
21 99 304
22 0 0
22 1 0
22 2 561
22 3 0
22 4 200
22 5 0
22 6 614
22 7 10
22 8 0
22 9 994
22 10 0
22 11 82
22 12 151
22 13 345
22 14 0
22 15 980
22 16 509
22 17 0
22 18 92
22 19 614
22 20 474
22 21 475
22 22 0
22 23 950
22 24 243
22 25 0
22 26 646
22 27 0
22 28 0
22 29 0
22 30 0
22 31 205
22 32 759
22 33 634
22 34 119
22 35 0
22 36 19
22 37 0
22 38 998
22 39 0
22 40 97
22 41 0
22 42 630
22 43 213
22 44 0
22 45 164
22 46 0
22 47 642
22 48 0
22 49 312
22 50 62
22 51 0
22 52 476
22 53 0
22 54 0
22 55 841
22 56 0
22 57 440
22 58 0
22 59 0
22 60 983
22 61 0
22 62 720
22 63 213
22 64 0
22 65 841
22 66 203
22 67 730
22 68 548
22 69 0
22 70 0
22 71 424
22 72 715
22 73 0
22 74 345
22 75 859
22 76 0
22 77 0
22 78 0
22 79 74
22 80 0
22 81 0
22 82 0
22 83 508
22 84 942
22 85 0
22 86 0
22 87 501
22 88 222
22 89 522
22 90 0
22 91 99
22 92 0
22 93 0
22 94 0
22 95 631
22 96 280
22 97 0
22 98 0
22 99 543
23 0 836
23 1 0
23 2 0
23 3 759
23 4 0
23 5 0
23 6 0
23 7 206
23 8 0
23 9 60
23 10 0
23 11 0
23 12 295
23 13 0
23 14 562
23 15 0
23 16 0
23 17 0
23 18 518
23 19 0
23 20 300
23 21 133
23 22 950
23 23 0
23 24 0
23 25 10
23 26 0
23 27 0
23 28 668
23 29 233
23 30 149
23 31 470
23 32 0
23 33 0
23 34 0
23 35 0
23 36 0
23 37 0
23 38 325
23 39 104
23 40 675
23 41 810
23 42 64
23 43 0
23 44 390
23 45 0
23 46 815
23 47 470
23 48 0
23 49 113
23 50 0
23 51 0
23 52 0
23 53 0
23 54 916
23 55 218
23 56 251
23 57 732
23 58 779
23 59 742
23 60 0
23 61 0
23 62 0
23 63 879
23 64 729
23 65 92
23 66 493
23 67 0
23 68 0
23 69 0
23 70 0
23 71 0
23 72 366
23 73 0
23 74 0
23 75 0
23 76 0
23 77 0
23 78 331
23 79 0
23 80 0
23 81 0
23 82 0
23 83 924
23 84 839
23 85 0
23 86 0
23 87 459
23 88 429
23 89 0
23 90 56
23 91 0
23 92 159
23 93 842
23 94 0
23 95 0
23 96 29
23 97 0
23 98 0
23 99 567
24 0 0
24 1 647
24 2 333
24 3 0
24 4 0
24 5 52
24 6 109
24 7 32
24 8 0
24 9 29
24 10 107
24 11 236
24 12 0
24 13 123
24 14 0
24 15 0
24 16 264
24 17 564
24 18 778
24 19 31
24 20 248
24 21 0
24 22 243
24 23 0
24 24 0
24 25 0
24 26 0
24 27 791
24 28 253
24 29 508
24 30 651
24 31 427
24 32 0
24 33 153
24 34 570
24 35 62
24 36 0
24 37 895
24 38 0
24 39 0
24 40 362
24 41 0
24 42 935
24 43 0
24 44 30
24 45 0
24 46 0
24 47 948
24 48 0
24 49 493
24 50 0
24 51 642
24 52 265
24 53 419
24 54 0
24 55 308
24 56 467
24 57 0
24 58 0
24 59 0
24 60 0
24 61 611
24 62 0
24 63 0
24 64 0
24 65 0
24 66 0
24 67 0
24 68 882
24 69 0
24 70 0
24 71 0
24 72 0
24 73 198
24 74 0
24 75 0
24 76 0
24 77 0
24 78 161
24 79 745
24 80 178
24 81 0
24 82 0
24 83 0
24 84 0
24 85 295
24 86 101
24 87 828
24 88 84
24 89 0
24 90 156
24 91 964
24 92 507
24 93 0
24 94 353
24 95 0
24 96 0
24 97 0
24 98 412
24 99 759
25 0 779
25 1 0
25 2 220
25 3 648
25 4 524
25 5 255
25 6 0
25 7 0
25 8 562
25 9 805
25 10 0
25 11 0
25 12 339
25 13 0
25 14 0
25 15 520
25 16 0
25 17 114
25 18 971
25 19 819
25 20 170
25 21 0
25 22 0
25 23 10
25 24 0
25 25 0
25 26 0
25 27 944
25 28 614
25 29 0
25 30 304
25 31 0
25 32 0
25 33 0
25 34 0
25 35 0
25 36 0
25 37 281
25 38 761
25 39 0
25 40 315
25 41 0
25 42 952
25 43 0
25 44 133
25 45 990
25 46 0
25 47 0
25 48 0
25 49 0
25 50 0
25 51 518
25 52 859
25 53 147
25 54 805
25 55 0
25 56 459
25 57 0
25 58 311
25 59 0
25 60 0
25 61 349
25 62 0
25 63 492
25 64 0
25 65 0
25 66 962
25 67 889
25 68 290
25 69 0
25 70 0
25 71 0
25 72 973
25 73 0
25 74 852
25 75 170
25 76 0
25 77 135
25 78 990
25 79 0
25 80 0
25 81 192
25 82 0
25 83 319
25 84 0
25 85 0
25 86 0
25 87 0
25 88 520
25 89 372
25 90 320
25 91 212
25 92 0
25 93 0
25 94 229
25 95 357
25 96 0
25 97 115
25 98 0
25 99 327
26 0 391
26 1 0
26 2 0
26 3 0
26 4 0
26 5 690
26 6 267
26 7 0
26 8 0
26 9 916
26 10 0
26 11 978
26 12 986
26 13 0
26 14 0
26 15 957
26 16 633
26 17 0
26 18 642
26 19 0
26 20 0
26 21 561
26 22 646
26 23 0
26 24 0
26 25 0
26 26 0
26 27 0
26 28 0
26 29 986
26 30 0
26 31 0
26 32 145
26 33 600
26 34 0
26 35 0
26 36 663
26 37 0
26 38 0
26 39 0
26 40 0
26 41 0
26 42 104
26 43 0
26 44 689
26 45 0
26 46 0
26 47 931
26 48 843
26 49 680
26 50 35
26 51 654
26 52 223
26 53 136
26 54 0
26 55 0
26 56 85
26 57 0
26 58 965
26 59 0
26 60 0
26 61 0
26 62 338
26 63 985
26 64 0
26 65 0
26 66 839
26 67 0
26 68 500
26 69 472
26 70 485
26 71 229
26 72 417
26 73 723
26 74 462
26 75 534
26 76 0
26 77 0
26 78 0
26 79 545
26 80 0
26 81 806
26 82 982
26 83 744
26 84 950
26 85 915
26 86 0
26 87 760
26 88 594
26 89 0
26 90 313
26 91 0
26 92 0
26 93 0
26 94 355
26 95 777
26 96 903
26 97 166
26 98 0
26 99 776
27 0 841
27 1 439
27 2 975
27 3 0
27 4 0
27 5 347
27 6 0
27 7 682
27 8 151
27 9 0
27 10 0
27 11 428
27 12 643
27 13 0
27 14 748
27 15 0
27 16 0
27 17 730
27 18 0
27 19 18
27 20 608
27 21 0
27 22 0
27 23 0
27 24 791
27 25 944
27 26 0
27 27 0
27 28 0
27 29 825
27 30 0
27 31 22
27 32 35
27 33 942
27 34 0
27 35 427
27 36 0
27 37 0
27 38 413
27 39 629
27 40 690
27 41 0
27 42 192
27 43 0
27 44 433
27 45 125
27 46 0
27 47 0
27 48 247
27 49 0
27 50 0
27 51 462
27 52 0
27 53 0
27 54 914
27 55 0
27 56 0
27 57 297
27 58 402
27 59 0
27 60 428
27 61 914
27 62 583
27 63 205
27 64 0
27 65 78
27 66 195
27 67 390
27 68 0
27 69 30
27 70 759
27 71 0
27 72 462
27 73 0
27 74 269
27 75 0
27 76 16
27 77 359
27 78 0
27 79 0
27 80 0
27 81 219
27 82 918
27 83 507
27 84 0
27 85 54
27 86 558
27 87 0
27 88 530
27 89 434
27 90 0
27 91 440
27 92 444
27 93 0
27 94 145
27 95 855
27 96 629
27 97 307
27 98 0
27 99 0
28 0 0
28 1 433
28 2 510
28 3 0
28 4 0
28 5 246
28 6 159
28 7 0
28 8 426
28 9 649
28 10 281
28 11 963
28 12 566
28 13 0
28 14 0
28 15 802
28 16 806
28 17 0
28 18 671
28 19 486
28 20 82
28 21 0
28 22 0
28 23 668
28 24 253
28 25 614
28 26 0
28 27 0
28 28 0
28 29 0
28 30 768
28 31 130
28 32 247
28 33 0
28 34 588
28 35 0
28 36 18
28 37 749
28 38 0
28 39 445
28 40 69
28 41 0
28 42 0
28 43 0
28 44 298
28 45 0
28 46 0
28 47 872
28 48 811
28 49 337
28 50 0
28 51 983
28 52 0
28 53 0
28 54 0
28 55 183
28 56 0
28 57 959
28 58 0
28 59 119
28 60 788
28 61 0
28 62 312
28 63 948
28 64 510
28 65 0
28 66 264
28 67 0
28 68 0
28 69 486
28 70 0
28 71 0
28 72 778
28 73 0
28 74 0
28 75 733
28 76 315
28 77 120
28 78 0
28 79 528
28 80 0
28 81 83
28 82 0
28 83 51
28 84 698
28 85 218
28 86 0
28 87 851
28 88 0
28 89 876
28 90 0
28 91 780
28 92 285
28 93 348
28 94 580
28 95 0
28 96 473
28 97 648
28 98 231
28 99 682
29 0 278
29 1 572
29 2 978
29 3 120
29 4 0
29 5 0
29 6 886
29 7 0
29 8 381
29 9 0
29 10 766
29 11 543
29 12 490
29 13 973
29 14 0
29 15 0
29 16 0
29 17 0
29 18 83
29 19 0
29 20 0
29 21 575
29 22 0
29 23 233
29 24 508
29 25 0
29 26 986
29 27 825
29 28 0
29 29 0
29 30 942
29 31 0
29 32 649
29 33 247
29 34 0
29 35 0
29 36 0
29 37 0
29 38 161
29 39 0
29 40 0
29 41 517
29 42 0
29 43 225
29 44 656
29 45 23
29 46 69
29 47 0
29 48 880
29 49 335
29 50 0
29 51 654
29 52 0
29 53 0
29 54 298
29 55 649
29 56 0
29 57 427
29 58 0
29 59 0
29 60 17
29 61 0
29 62 354
29 63 467
29 64 656
29 65 0
29 66 231
29 67 697
29 68 0
29 69 0
29 70 0
29 71 0
29 72 959
29 73 824
29 74 701
29 75 737
29 76 0
29 77 508
29 78 0
29 79 0
29 80 0
29 81 0
29 82 39
29 83 0
29 84 0
29 85 0
29 86 0
29 87 773
29 88 103
29 89 0
29 90 0
29 91 0
29 92 610
29 93 0
29 94 0
29 95 0
29 96 0
29 97 0
29 98 842
29 99 0
30 0 0
30 1 825
30 2 0
30 3 0
30 4 10
30 5 508
30 6 0
30 7 697
30 8 992
30 9 228
30 10 0
30 11 1000
30 12 29
30 13 0
30 14 0
30 15 0
30 16 420
30 17 0
30 18 760
30 19 0
30 20 430
30 21 0
30 22 0
30 23 149
30 24 651
30 25 304
30 26 0
30 27 0
30 28 768
30 29 942
30 30 0
30 31 226
30 32 0
30 33 0
30 34 0
30 35 0
30 36 0
30 37 703
30 38 0
30 39 49
30 40 0
30 41 611
30 42 0
30 43 0
30 44 0
30 45 189
30 46 0
30 47 891
30 48 969
30 49 941
30 50 0
30 51 935
30 52 163
30 53 0
30 54 735
30 55 0
30 56 747
30 57 704
30 58 510
30 59 443
30 60 0
30 61 0
30 62 181
30 63 710
30 64 0
30 65 979
30 66 723
30 67 0
30 68 453
30 69 878
30 70 507
30 71 0
30 72 0
30 73 0
30 74 0
30 75 0
30 76 421
30 77 140
30 78 128
30 79 148
30 80 0
30 81 0
30 82 0
30 83 387
30 84 0
30 85 88
30 86 0
30 87 315
30 88 0
30 89 0
30 90 539
30 91 106
30 92 0
30 93 349
30 94 343
30 95 0
30 96 852
30 97 0
30 98 0
30 99 0
31 0 818
31 1 838
31 2 0
31 3 0
31 4 25
31 5 0
31 6 0
31 7 0
31 8 965
31 9 451
31 10 0
31 11 730
31 12 0
31 13 802
31 14 0
31 15 0
31 16 394
31 17 959
31 18 0
31 19 559
31 20 0
31 21 0
31 22 205
31 23 470
31 24 427
31 25 0
31 26 0
31 27 22
31 28 130
31 29 0
31 30 226
31 31 0
31 32 0
31 33 0
31 34 0
31 35 506
31 36 570
31 37 844
31 38 767
31 39 0
31 40 797
31 41 0
31 42 936
31 43 576
31 44 0
31 45 0
31 46 842
31 47 182
31 48 596
31 49 0
31 50 346
31 51 0
31 52 252
31 53 0
31 54 638
31 55 493
31 56 595
31 57 0
31 58 12
31 59 0
31 60 623
31 61 149
31 62 528
31 63 73
31 64 515
31 65 522
31 66 0
31 67 0
31 68 0
31 69 901
31 70 0
31 71 375
31 72 337
31 73 587
31 74 482
31 75 138
31 76 529
31 77 50
31 78 806
31 79 620
31 80 225
31 81 497
31 82 148
31 83 750
31 84 397
31 85 47
31 86 816
31 87 0
31 88 472
31 89 0
31 90 0
31 91 266
31 92 0
31 93 0
31 94 0
31 95 0
31 96 0
31 97 254
31 98 548
31 99 495
32 0 0
32 1 0
32 2 0
32 3 0
32 4 0
32 5 0
32 6 0
32 7 233
32 8 0
32 9 957
32 10 521
32 11 12
32 12 0
32 13 0
32 14 0
32 15 990
32 16 633
32 17 179
32 18 372
32 19 0
32 20 0
32 21 0
32 22 759
32 23 0
32 24 0
32 25 0
32 26 145
32 27 35
32 28 247
32 29 649
32 30 0
32 31 0
32 32 0
32 33 0
32 34 850
32 35 229
32 36 278
32 37 0
32 38 403
32 39 984
32 40 0
32 41 0
32 42 0
32 43 774
32 44 449
32 45 0
32 46 195
32 47 0
32 48 0
32 49 848
32 50 0
32 51 0
32 52 0
32 53 0
32 54 367
32 55 844
32 56 718
32 57 0
32 58 303
32 59 0
32 60 0
32 61 315
32 62 0
32 63 959
32 64 479
32 65 0
32 66 101
32 67 0
32 68 616
32 69 0
32 70 607
32 71 919
32 72 628
32 73 357
32 74 333
32 75 175
32 76 653
32 77 760
32 78 624
32 79 0
32 80 0
32 81 378
32 82 0
32 83 519
32 84 17
32 85 280
32 86 0
32 87 823
32 88 0
32 89 23
32 90 0
32 91 0
32 92 0
32 93 0
32 94 0
32 95 0
32 96 177
32 97 0
32 98 0
32 99 26
33 0 0
33 1 0
33 2 0
33 3 0
33 4 0
33 5 0
33 6 0
33 7 334
33 8 0
33 9 119
33 10 491
33 11 464
33 12 17
33 13 0
33 14 0
33 15 0
33 16 694
33 17 0
33 18 0
33 19 937
33 20 693
33 21 145
33 22 634
33 23 0
33 24 153
33 25 0
33 26 600
33 27 942
33 28 0
33 29 247
33 30 0
33 31 0
33 32 0
33 33 0
33 34 693
33 35 0
33 36 0
33 37 0
33 38 851
33 39 412
33 40 0
33 41 269
33 42 472
33 43 569
33 44 417
33 45 451
33 46 811
33 47 673
33 48 87
33 49 345
33 50 738
33 51 233
33 52 924
33 53 422
33 54 63
33 55 761
33 56 0
33 57 59
33 58 0
33 59 676
33 60 591
33 61 231
33 62 0
33 63 695
33 64 0
33 65 231
33 66 296
33 67 309
33 68 0
33 69 0
33 70 706
33 71 0
33 72 0
33 73 0
33 74 0
33 75 0
33 76 357
33 77 830
33 78 0
33 79 0
33 80 738
33 81 275
33 82 520
33 83 868
33 84 36
33 85 0
33 86 0
33 87 895
33 88 0
33 89 0
33 90 0
33 91 512
33 92 177
33 93 0
33 94 0
33 95 235
33 96 0
33 97 435
33 98 0
33 99 528
34 0 840
34 1 300
34 2 603
34 3 0
34 4 0
34 5 0
34 6 210
34 7 326
34 8 551
34 9 0
34 10 0
34 11 0
34 12 498
34 13 0
34 14 171
34 15 386
34 16 0
34 17 518
34 18 0
34 19 221
34 20 604
34 21 48
34 22 119
34 23 0
34 24 570
34 25 0
34 26 0
34 27 0
34 28 588
34 29 0
34 30 0
34 31 0
34 32 850
34 33 693
34 34 0
34 35 545
34 36 0
34 37 0
34 38 0
34 39 0
34 40 0
34 41 0
34 42 616
34 43 0
34 44 0
34 45 0
34 46 111
34 47 441
34 48 0
34 49 0
34 50 0
34 51 364
34 52 902
34 53 0
34 54 0
34 55 895
34 56 0
34 57 640
34 58 0
34 59 0
34 60 0
34 61 235
34 62 202
34 63 887
34 64 893
34 65 573
34 66 18
34 67 585
34 68 205
34 69 0
34 70 0
34 71 462
34 72 620
34 73 0
34 74 542
34 75 804
34 76 0
34 77 0
34 78 635
34 79 993
34 80 0
34 81 0
34 82 0
34 83 0
34 84 0
34 85 478
34 86 0
34 87 0
34 88 633
34 89 0
34 90 727
34 91 419
34 92 274
34 93 0
34 94 160
34 95 397
34 96 0
34 97 546
34 98 168
34 99 0
35 0 0
35 1 0
35 2 0
35 3 0
35 4 0
35 5 0
35 6 0
35 7 302
35 8 325
35 9 0
35 10 810
35 11 0
35 12 922
35 13 0
35 14 144
35 15 765
35 16 0
35 17 0
35 18 0
35 19 0
35 20 0
35 21 278
35 22 0
35 23 0
35 24 62
35 25 0
35 26 0
35 27 427
35 28 0
35 29 0
35 30 0
35 31 506
35 32 229
35 33 0
35 34 545
35 35 0
35 36 0
35 37 625
35 38 925
35 39 0
35 40 0
35 41 0
35 42 683
35 43 69
35 44 0
35 45 0
35 46 0
35 47 0
35 48 0
35 49 148
35 50 468
35 51 0
35 52 0
35 53 635
35 54 438
35 55 618
35 56 0
35 57 0
35 58 16
35 59 312
35 60 680
35 61 0
35 62 696
35 63 0
35 64 0
35 65 0
35 66 0
35 67 623
35 68 107
35 69 962
35 70 229
35 71 847
35 72 566
35 73 216
35 74 667
35 75 466
35 76 164
35 77 791
35 78 0
35 79 154
35 80 499
35 81 0
35 82 516
35 83 0
35 84 0
35 85 695
35 86 0
35 87 444
35 88 0
35 89 0
35 90 175
35 91 0
35 92 0
35 93 798
35 94 302
35 95 413
35 96 368
35 97 0
35 98 0
35 99 0
36 0 0
36 1 0
36 2 0
36 3 0
36 4 632
36 5 0
36 6 795
36 7 0
36 8 0
36 9 342
36 10 736
36 11 0
36 12 554
36 13 358
36 14 0
36 15 0
36 16 288
36 17 0
36 18 281
36 19 323
36 20 0
36 21 356
36 22 19
36 23 0
36 24 0
36 25 0
36 26 663
36 27 0
36 28 18
36 29 0
36 30 0
36 31 570
36 32 278
36 33 0
36 34 0
36 35 0
36 36 0
36 37 332
36 38 0
36 39 866
36 40 0
36 41 0
36 42 460
36 43 0
36 44 0
36 45 161
36 46 0
36 47 0
36 48 576
36 49 512
36 50 504
36 51 0
36 52 0
36 53 0
36 54 0
36 55 0
36 56 0
36 57 913
36 58 0
36 59 356
36 60 531
36 61 0
36 62 835
36 63 431
36 64 990
36 65 0
36 66 976
36 67 0
36 68 0
36 69 0
36 70 0
36 71 54
36 72 397
36 73 43
36 74 548
36 75 804
36 76 329
36 77 422
36 78 0
36 79 0
36 80 600
36 81 230
36 82 565
36 83 647
36 84 270
36 85 0
36 86 0
36 87 0
36 88 736
36 89 0
36 90 0
36 91 860
36 92 192
36 93 406
36 94 0
36 95 292
36 96 758
36 97 0
36 98 230
36 99 923
37 0 0
37 1 554
37 2 0
37 3 396
37 4 0
37 5 212
37 6 0
37 7 0
37 8 0
37 9 0
37 10 0
37 11 271
37 12 383
37 13 0
37 14 232
37 15 0
37 16 382
37 17 55
37 18 918
37 19 0
37 20 0
37 21 348
37 22 0
37 23 0
37 24 895
37 25 281
37 26 0
37 27 0
37 28 749
37 29 0
37 30 703
37 31 844
37 32 0
37 33 0
37 34 0
37 35 625
37 36 332
37 37 0
37 38 0
37 39 0
37 40 498
37 41 0
37 42 0
37 43 444
37 44 0
37 45 818
37 46 0
37 47 510
37 48 0
37 49 457
37 50 0
37 51 0
37 52 821
37 53 0
37 54 203
37 55 141
37 56 0
37 57 0
37 58 824
37 59 0
37 60 0
37 61 0
37 62 0
37 63 165
37 64 0
37 65 0
37 66 0
37 67 44
37 68 609
37 69 0
37 70 920
37 71 0
37 72 701
37 73 897
37 74 850
37 75 967
37 76 926
37 77 441
37 78 0
37 79 625
37 80 0
37 81 499
37 82 990
37 83 287
37 84 0
37 85 0
37 86 0
37 87 0
37 88 108
37 89 60
37 90 66
37 91 596
37 92 85
37 93 0
37 94 0
37 95 990
37 96 666
37 97 386
37 98 0
37 99 0
38 0 957
38 1 0
38 2 0
38 3 779
38 4 0
38 5 0
38 6 0
38 7 589
38 8 0
38 9 0
38 10 605
38 11 0
38 12 0
38 13 0
38 14 797
38 15 837
38 16 0
38 17 0
38 18 821
38 19 0
38 20 485
38 21 0
38 22 998
38 23 325
38 24 0
38 25 761
38 26 0
38 27 413
38 28 0
38 29 161
38 30 0
38 31 767
38 32 403
38 33 851
38 34 0
38 35 925
38 36 0
38 37 0
38 38 0
38 39 681
38 40 458
38 41 747
38 42 0
38 43 0
38 44 140
38 45 0
38 46 0
38 47 0
38 48 362
38 49 131
38 50 675
38 51 0
38 52 0
38 53 0
38 54 0
38 55 0
38 56 557
38 57 779
38 58 0
38 59 775
38 60 322
38 61 186
38 62 0
38 63 0
38 64 663
38 65 0
38 66 912
38 67 439
38 68 300
38 69 0
38 70 0
38 71 168
38 72 448
38 73 342
38 74 612
38 75 0
38 76 0
38 77 857
38 78 320
38 79 0
38 80 379
38 81 782
38 82 549
38 83 733
38 84 0
38 85 289
38 86 113
38 87 0
38 88 0
38 89 596
38 90 0
38 91 710
38 92 0
38 93 0
38 94 0
38 95 0
38 96 0
38 97 0
38 98 0
38 99 688
39 0 235
39 1 0
39 2 922
39 3 776
39 4 11
39 5 397
39 6 0
39 7 0
39 8 0
39 9 0
39 10 511
39 11 335
39 12 49
39 13 0
39 14 670
39 15 318
39 16 550
39 17 0
39 18 148
39 19 0
39 20 848
39 21 0
39 22 0
39 23 104
39 24 0
39 25 0
39 26 0
39 27 629
39 28 445
39 29 0
39 30 49
39 31 0
39 32 984
39 33 412
39 34 0
39 35 0
39 36 866
39 37 0
39 38 681
39 39 0
39 40 22
39 41 0
39 42 0
39 43 0
39 44 0
39 45 359
39 46 885
39 47 204
39 48 208
39 49 0
39 50 795
39 51 801
39 52 0
39 53 433
39 54 146
39 55 0
39 56 0
39 57 430
39 58 0
39 59 0
39 60 0
39 61 458
39 62 0
39 63 250
39 64 718
39 65 945
39 66 434
39 67 372
39 68 935
39 69 556
39 70 338
39 71 129
39 72 0
39 73 841
39 74 0
39 75 0
39 76 0
39 77 884
39 78 0
39 79 777
39 80 0
39 81 0
39 82 273
39 83 0
39 84 854
39 85 348
39 86 727
39 87 946
39 88 0
39 89 731
39 90 715
39 91 712
39 92 0
39 93 203
39 94 0
39 95 0
39 96 896
39 97 0
39 98 41
39 99 51
40 0 0
40 1 0
40 2 0
40 3 0
40 4 0
40 5 36
40 6 240
40 7 0
40 8 972
40 9 459
40 10 567
40 11 875
40 12 886
40 13 808
40 14 0
40 15 122
40 16 648
40 17 214
40 18 0
40 19 0
40 20 278
40 21 0
40 22 97
40 23 675
40 24 362
40 25 315
40 26 0
40 27 690
40 28 69
40 29 0
40 30 0
40 31 797
40 32 0
40 33 0
40 34 0
40 35 0
40 36 0
40 37 498
40 38 458
40 39 22
40 40 0
40 41 330
40 42 479
40 43 0
40 44 633
40 45 0
40 46 948
40 47 0
40 48 0
40 49 0
40 50 484
40 51 516
40 52 0
40 53 0
40 54 0
40 55 0
40 56 553
40 57 161
40 58 0
40 59 913
40 60 845
40 61 418
40 62 0
40 63 0
40 64 281
40 65 629
40 66 0
40 67 217
40 68 106
40 69 0
40 70 823
40 71 50
40 72 994
40 73 0
40 74 774
40 75 0
40 76 344
40 77 371
40 78 628
40 79 910
40 80 0
40 81 959
40 82 0
40 83 941
40 84 458
40 85 0
40 86 536
40 87 523
40 88 528
40 89 779
40 90 15
40 91 429
40 92 0
40 93 543
40 94 108
40 95 429
40 96 0
40 97 771
40 98 0
40 99 989
41 0 0
41 1 0
41 2 0
41 3 0
41 4 0
41 5 301
41 6 414
41 7 575
41 8 0
41 9 0
41 10 0
41 11 783
41 12 0
41 13 537
41 14 64
41 15 0
41 16 399
41 17 0
41 18 0
41 19 0
41 20 0
41 21 930
41 22 0
41 23 810
41 24 0
41 25 0
41 26 0
41 27 0
41 28 0
41 29 517
41 30 611
41 31 0
41 32 0
41 33 269
41 34 0
41 35 0
41 36 0
41 37 0
41 38 747
41 39 0
41 40 330
41 41 0
41 42 481
41 43 0
41 44 0
41 45 0
41 46 0
41 47 0
41 48 0
41 49 672
41 50 514
41 51 473
41 52 0
41 53 254
41 54 0
41 55 778
41 56 0
41 57 730
41 58 947
41 59 0
41 60 0
41 61 0
41 62 0
41 63 972
41 64 432
41 65 84
41 66 0
41 67 0
41 68 266
41 69 0
41 70 0
41 71 0
41 72 642
41 73 98
41 74 358
41 75 392
41 76 0
41 77 0
41 78 121
41 79 0
41 80 298
41 81 207
41 82 0
41 83 0
41 84 0
41 85 933
41 86 346
41 87 652
41 88 223
41 89 0
41 90 0
41 91 0
41 92 547
41 93 583
41 94 790
41 95 0
41 96 800
41 97 0
41 98 48
41 99 0
42 0 289
42 1 0
42 2 674
42 3 48
42 4 0
42 5 597
42 6 529
42 7 0
42 8 0
42 9 0
42 10 467
42 11 556
42 12 0
42 13 0
42 14 0
42 15 0
42 16 549
42 17 432
42 18 24
42 19 0
42 20 851
42 21 0
42 22 630
42 23 64
42 24 935
42 25 952
42 26 104
42 27 192
42 28 0
42 29 0
42 30 0
42 31 936
42 32 0
42 33 472
42 34 616
42 35 683
42 36 460
42 37 0
42 38 0
42 39 0
42 40 479
42 41 481
42 42 0
42 43 0
42 44 62
42 45 109
42 46 114
42 47 0
42 48 0
42 49 0
42 50 701
42 51 0
42 52 0
42 53 278
42 54 783
42 55 0
42 56 0
42 57 0
42 58 895
42 59 0
42 60 0
42 61 0
42 62 0
42 63 0
42 64 451
42 65 112
42 66 0
42 67 0
42 68 0
42 69 137
42 70 0
42 71 743
42 72 0
42 73 672
42 74 0
42 75 626
42 76 0
42 77 0
42 78 257
42 79 0
42 80 860
42 81 933
42 82 0
42 83 227
42 84 424
42 85 0
42 86 447
42 87 0
42 88 605
42 89 253
42 90 249
42 91 914
42 92 0
42 93 25
42 94 651
42 95 0
42 96 82
42 97 0
42 98 248
42 99 0
43 0 94
43 1 0
43 2 773
43 3 0
43 4 701
43 5 0
43 6 668
43 7 0
43 8 0
43 9 0
43 10 0
43 11 699
43 12 827
43 13 828
43 14 195
43 15 0
43 16 394
43 17 129
43 18 210
43 19 0
43 20 0
43 21 0
43 22 213
43 23 0
43 24 0
43 25 0
43 26 0
43 27 0
43 28 0
43 29 225
43 30 0
43 31 576
43 32 774
43 33 569
43 34 0
43 35 69
43 36 0
43 37 444
43 38 0
43 39 0
43 40 0
43 41 0
43 42 0
43 43 0
43 44 0
43 45 433
43 46 0
43 47 174
43 48 280
43 49 0
43 50 0
43 51 924
43 52 71
43 53 678
43 54 435
43 55 0
43 56 0
43 57 0
43 58 379
43 59 923
43 60 620
43 61 522
43 62 0
43 63 0
43 64 495
43 65 0
43 66 0
43 67 935
43 68 0
43 69 403
43 70 562
43 71 298
43 72 319
43 73 223
43 74 0
43 75 209
43 76 0
43 77 0
43 78 0
43 79 289
43 80 0
43 81 732
43 82 608
43 83 36
43 84 821
43 85 0
43 86 0
43 87 0
43 88 943
43 89 0
43 90 0
43 91 0
43 92 0
43 93 760
43 94 595
43 95 0
43 96 0
43 97 350
43 98 445
43 99 801
44 0 337
44 1 685
44 2 611
44 3 858
44 4 0
44 5 0
44 6 671
44 7 0
44 8 315
44 9 0
44 10 883
44 11 0
44 12 788
44 13 0
44 14 21
44 15 0
44 16 0
44 17 0
44 18 974
44 19 666
44 20 0
44 21 0
44 22 0
44 23 390
44 24 30
44 25 133
44 26 689
44 27 433
44 28 298
44 29 656
44 30 0
44 31 0
44 32 449
44 33 417
44 34 0
44 35 0
44 36 0
44 37 0
44 38 140
44 39 0
44 40 633
44 41 0
44 42 62
44 43 0
44 44 0
44 45 0
44 46 947
44 47 654
44 48 0
44 49 296
44 50 891
44 51 955
44 52 100
44 53 742
44 54 0
44 55 451
44 56 39
44 57 0
44 58 0
44 59 535
44 60 0
44 61 591
44 62 889
44 63 0
44 64 0
44 65 0
44 66 0
44 67 0
44 68 0
44 69 151
44 70 0
44 71 641
44 72 0
44 73 859
44 74 183
44 75 843
44 76 0
44 77 0
44 78 307
44 79 512
44 80 0
44 81 0
44 82 0
44 83 944
44 84 0
44 85 0
44 86 211
44 87 836
44 88 535
44 89 0
44 90 391
44 91 0
44 92 0
44 93 123
44 94 455
44 95 0
44 96 0
44 97 506
44 98 813
44 99 0
45 0 386
45 1 0
45 2 694
45 3 0
45 4 0
45 5 0
45 6 0
45 7 0
45 8 0
45 9 0
45 10 0
45 11 0
45 12 0
45 13 457
45 14 0
45 15 584
45 16 726
45 17 682
45 18 620
45 19 485
45 20 851
45 21 0
45 22 164
45 23 0
45 24 0
45 25 990
45 26 0
45 27 125
45 28 0
45 29 23
45 30 189
45 31 0
45 32 0
45 33 451
45 34 0
45 35 0
45 36 161
45 37 818
45 38 0
45 39 359
45 40 0
45 41 0
45 42 109
45 43 433
45 44 0
45 45 0
45 46 0
45 47 0
45 48 704
45 49 914
45 50 0
45 51 0
45 52 68
45 53 0
45 54 619
45 55 0
45 56 0
45 57 0
45 58 0
45 59 0
45 60 626
45 61 0
45 62 948
45 63 320
45 64 0
45 65 446
45 66 0
45 67 0
45 68 500
45 69 651
45 70 0
45 71 866
45 72 41
45 73 0
45 74 0
45 75 181
45 76 918
45 77 0
45 78 559
45 79 0
45 80 0
45 81 534
45 82 0
45 83 0
45 84 696
45 85 875
45 86 890
45 87 0
45 88 0
45 89 434
45 90 0
45 91 0
45 92 87
45 93 0
45 94 0
45 95 692
45 96 0
45 97 0
45 98 182
45 99 471
46 0 0
46 1 0
46 2 0
46 3 486
46 4 419
46 5 877
46 6 40
46 7 0
46 8 539
46 9 0
46 10 343
46 11 0
46 12 51
46 13 0
46 14 0
46 15 0
46 16 63
46 17 856
46 18 443
46 19 0
46 20 617
46 21 969
46 22 0
46 23 815
46 24 0
46 25 0
46 26 0
46 27 0
46 28 0
46 29 69
46 30 0
46 31 842
46 32 195
46 33 811
46 34 111
46 35 0
46 36 0
46 37 0
46 38 0
46 39 885
46 40 948
46 41 0
46 42 114
46 43 0
46 44 947
46 45 0
46 46 0
46 47 114
46 48 380
46 49 0
46 50 132
46 51 0
46 52 477
46 53 694
46 54 100
46 55 211
46 56 845
46 57 0
46 58 869
46 59 0
46 60 0
46 61 0
46 62 809
46 63 0
46 64 0
46 65 372
46 66 637
46 67 0
46 68 694
46 69 0
46 70 0
46 71 0
46 72 0
46 73 0
46 74 0
46 75 144
46 76 0
46 77 593
46 78 880
46 79 892
46 80 398
46 81 83
46 82 979
46 83 822
46 84 0
46 85 219
46 86 0
46 87 0
46 88 224
46 89 0
46 90 0
46 91 0
46 92 0
46 93 324
46 94 232
46 95 548
46 96 315
46 97 694
46 98 0
46 99 377
47 0 0
47 1 0
47 2 0
47 3 686
47 4 0
47 5 0
47 6 0
47 7 0
47 8 894
47 9 85
47 10 0
47 11 771
47 12 199
47 13 0
47 14 0
47 15 549
47 16 424
47 17 0
47 18 0
47 19 863
47 20 531
47 21 916
47 22 642
47 23 470
47 24 948
47 25 0
47 26 931
47 27 0
47 28 872
47 29 0
47 30 891
47 31 182
47 32 0
47 33 673
47 34 441
47 35 0
47 36 0
47 37 510
47 38 0
47 39 204
47 40 0
47 41 0
47 42 0
47 43 174
47 44 654
47 45 0
47 46 114
47 47 0
47 48 937
47 49 0
47 50 829
47 51 357
47 52 0
47 53 764
47 54 0
47 55 0
47 56 936
47 57 958
47 58 260
47 59 745
47 60 0
47 61 31
47 62 443
47 63 0
47 64 911
47 65 701
47 66 0
47 67 0
47 68 0
47 69 941
47 70 0
47 71 880
47 72 501
47 73 466
47 74 139
47 75 0
47 76 0
47 77 0
47 78 0
47 79 721
47 80 938
47 81 0
47 82 0
47 83 459
47 84 0
47 85 0
47 86 53
47 87 77
47 88 26
47 89 82
47 90 0
47 91 181
47 92 916
47 93 0
47 94 384
47 95 0
47 96 413
47 97 0
47 98 0
47 99 0
48 0 666
48 1 0
48 2 0
48 3 0
48 4 0
48 5 283
48 6 0
48 7 0
48 8 615
48 9 85
48 10 0
48 11 223
48 12 974
48 13 0
48 14 262
48 15 0
48 16 0
48 17 0
48 18 0
48 19 0
48 20 0
48 21 172
48 22 0
48 23 0
48 24 0
48 25 0
48 26 843
48 27 247
48 28 811
48 29 880
48 30 969
48 31 596
48 32 0
48 33 87
48 34 0
48 35 0
48 36 576
48 37 0
48 38 362
48 39 208
48 40 0
48 41 0
48 42 0
48 43 280
48 44 0
48 45 704
48 46 380
48 47 937
48 48 0
48 49 0
48 50 0
48 51 282
48 52 0
48 53 93
48 54 0
48 55 0
48 56 399
48 57 0
48 58 0
48 59 0
48 60 0
48 61 0
48 62 497
48 63 0
48 64 19
48 65 550
48 66 573
48 67 0
48 68 642
48 69 0
48 70 196
48 71 0
48 72 0
48 73 51
48 74 210
48 75 0
48 76 648
48 77 0
48 78 0
48 79 0
48 80 0
48 81 551
48 82 0
48 83 0
48 84 973
48 85 0
48 86 735
48 87 781
48 88 0
48 89 0
48 90 378
48 91 0
48 92 139
48 93 832
48 94 251
48 95 0
48 96 0
48 97 0
48 98 168
48 99 799
49 0 0
49 1 312
49 2 0
49 3 0
49 4 0
49 5 0
49 6 0
49 7 871
49 8 0
49 9 0
49 10 505
49 11 984
49 12 206
49 13 790
49 14 0
49 15 0
49 16 342
49 17 0
49 18 436
49 19 0
49 20 0
49 21 834
49 22 312
49 23 113
49 24 493
49 25 0
49 26 680
49 27 0
49 28 337
49 29 335
49 30 941
49 31 0
49 32 848
49 33 345
49 34 0
49 35 148
49 36 512
49 37 457
49 38 131
49 39 0
49 40 0
49 41 672
49 42 0
49 43 0
49 44 296
49 45 914
49 46 0
49 47 0
49 48 0
49 49 0
49 50 0
49 51 0
49 52 0
49 53 0
49 54 0
49 55 220
49 56 0
49 57 0
49 58 463
49 59 270
49 60 175
49 61 0
49 62 0
49 63 0
49 64 0
49 65 199
49 66 0
49 67 557
49 68 754
49 69 382
49 70 815
49 71 397
49 72 803
49 73 0
49 74 837
49 75 0
49 76 46
49 77 863
49 78 297
49 79 0
49 80 0
49 81 0
49 82 910
49 83 287
49 84 314
49 85 0
49 86 0
49 87 0
49 88 0
49 89 0
49 90 0
49 91 0
49 92 88
49 93 0
49 94 640
49 95 334
49 96 0
49 97 0
49 98 0
49 99 0
50 0 805
50 1 421
50 2 0
50 3 0
50 4 595
50 5 488
50 6 826
50 7 0
50 8 0
50 9 0
50 10 0
50 11 0
50 12 0
50 13 113
50 14 765
50 15 0
50 16 0
50 17 276
50 18 0
50 19 0
50 20 612
50 21 0
50 22 62
50 23 0
50 24 0
50 25 0
50 26 35
50 27 0
50 28 0
50 29 0
50 30 0
50 31 346
50 32 0
50 33 738
50 34 0
50 35 468
50 36 504
50 37 0
50 38 675
50 39 795
50 40 484
50 41 514
50 42 701
50 43 0
50 44 891
50 45 0
50 46 132
50 47 829
50 48 0
50 49 0
50 50 0
50 51 214
50 52 187
50 53 879
50 54 402
50 55 0
50 56 143
50 57 0
50 58 0
50 59 775
50 60 0
50 61 279
50 62 480
50 63 817
50 64 0
50 65 0
50 66 0
50 67 577
50 68 413
50 69 0
50 70 644
50 71 0
50 72 550
50 73 989
50 74 881
50 75 642
50 76 0
50 77 141
50 78 411
50 79 0
50 80 527
50 81 0
50 82 140
50 83 0
50 84 0
50 85 0
50 86 0
50 87 795
50 88 0
50 89 0
50 90 129
50 91 511
50 92 0
50 93 0
50 94 90
50 95 836
50 96 0
50 97 604
50 98 0
50 99 0
51 0 827
51 1 0
51 2 651
51 3 942
51 4 0
51 5 575
51 6 647
51 7 0
51 8 341
51 9 683
51 10 25
51 11 0
51 12 0
51 13 0
51 14 95
51 15 0
51 16 493
51 17 845
51 18 20
51 19 347
51 20 233
51 21 0
51 22 0
51 23 0
51 24 642
51 25 518
51 26 654
51 27 462
51 28 983
51 29 654
51 30 935
51 31 0
51 32 0
51 33 233
51 34 364
51 35 0
51 36 0
51 37 0
51 38 0
51 39 801
51 40 516
51 41 473
51 42 0
51 43 924
51 44 955
51 45 0
51 46 0
51 47 357
51 48 282
51 49 0
51 50 214
51 51 0
51 52 0
51 53 229
51 54 177
51 55 913
51 56 643
51 57 0
51 58 0
51 59 793
51 60 304
51 61 0
51 62 0
51 63 110
51 64 0
51 65 401
51 66 805
51 67 208
51 68 700
51 69 544
51 70 54
51 71 628
51 72 0
51 73 0
51 74 120
51 75 81
51 76 586
51 77 0
51 78 0
51 79 740
51 80 566
51 81 0
51 82 0
51 83 681
51 84 0
51 85 832
51 86 912
51 87 945
51 88 868
51 89 0
51 90 497
51 91 236
51 92 339
51 93 230
51 94 0
51 95 0
51 96 157
51 97 365
51 98 843
51 99 0
52 0 0
52 1 0
52 2 174
52 3 226
52 4 115
52 5 964
52 6 0
52 7 541
52 8 0
52 9 442
52 10 0
52 11 658
52 12 683
52 13 0
52 14 0
52 15 0
52 16 367
52 17 240
52 18 298
52 19 553
52 20 313
52 21 0
52 22 476
52 23 0
52 24 265
52 25 859
52 26 223
52 27 0
52 28 0
52 29 0
52 30 163
52 31 252
52 32 0
52 33 924
52 34 902
52 35 0
52 36 0
52 37 821
52 38 0
52 39 0
52 40 0
52 41 0
52 42 0
52 43 71
52 44 100
52 45 68
52 46 477
52 47 0
52 48 0
52 49 0
52 50 187
52 51 0
52 52 0
52 53 0
52 54 0
52 55 0
52 56 667
52 57 361
52 58 37
52 59 0
52 60 191
52 61 0
52 62 689
52 63 0
52 64 0
52 65 305
52 66 410
52 67 625
52 68 587
52 69 571
52 70 0
52 71 848
52 72 0
52 73 596
52 74 914
52 75 0
52 76 812
52 77 693
52 78 0
52 79 402
52 80 103
52 81 0
52 82 0
52 83 0
52 84 0
52 85 0
52 86 0
52 87 0
52 88 642
52 89 656
52 90 945
52 91 118
52 92 368
52 93 0
52 94 192
52 95 0
52 96 0
52 97 525
52 98 0
52 99 457
53 0 0
53 1 0
53 2 0
53 3 367
53 4 0
53 5 213
53 6 465
53 7 0
53 8 985
53 9 412
53 10 0
53 11 0
53 12 0
53 13 0
53 14 384
53 15 0
53 16 383
53 17 0
53 18 721
53 19 45
53 20 0
53 21 0
53 22 0
53 23 0
53 24 419
53 25 147
53 26 136
53 27 0
53 28 0
53 29 0
53 30 0
53 31 0
53 32 0
53 33 422
53 34 0
53 35 635
53 36 0
53 37 0
53 38 0
53 39 433
53 40 0
53 41 254
53 42 278
53 43 678
53 44 742
53 45 0
53 46 694
53 47 764
53 48 93
53 49 0
53 50 879
53 51 229
53 52 0
53 53 0
53 54 0
53 55 0
53 56 0
53 57 943
53 58 0
53 59 0
53 60 0
53 61 308
53 62 716
53 63 326
53 64 672
53 65 879
53 66 727
53 67 0
53 68 0
53 69 0
53 70 627
53 71 0
53 72 0
53 73 0
53 74 0
53 75 0
53 76 0
53 77 869
53 78 0
53 79 0
53 80 0
53 81 856
53 82 0
53 83 250
53 84 233
53 85 0
53 86 0
53 87 649
53 88 878
53 89 0
53 90 0
53 91 366
53 92 0
53 93 874
53 94 0
53 95 996
53 96 0
53 97 68
53 98 754
53 99 314
54 0 0
54 1 101
54 2 0
54 3 0
54 4 698
54 5 0
54 6 785
54 7 0
54 8 0
54 9 24
54 10 716
54 11 0
54 12 0
54 13 0
54 14 0
54 15 697
54 16 0
54 17 18
54 18 776
54 19 0
54 20 0
54 21 972
54 22 0
54 23 916
54 24 0
54 25 805
54 26 0
54 27 914
54 28 0
54 29 298
54 30 735
54 31 638
54 32 367
54 33 63
54 34 0
54 35 438
54 36 0
54 37 203
54 38 0
54 39 146
54 40 0
54 41 0
54 42 783
54 43 435
54 44 0
54 45 619
54 46 100
54 47 0
54 48 0
54 49 0
54 50 402
54 51 177
54 52 0
54 53 0
54 54 0
54 55 675
54 56 0
54 57 0
54 58 212
54 59 0
54 60 0
54 61 506
54 62 0
54 63 564
54 64 445
54 65 0
54 66 646
54 67 670
54 68 12
54 69 589
54 70 866
54 71 0
54 72 0
54 73 0
54 74 0
54 75 578
54 76 0
54 77 394
54 78 54
54 79 666
54 80 0
54 81 0
54 82 0
54 83 0
54 84 0
54 85 0
54 86 812
54 87 365
54 88 0
54 89 136
54 90 484
54 91 508
54 92 422
54 93 0
54 94 0
54 95 0
54 96 0
54 97 859
54 98 0
54 99 129
55 0 0
55 1 451
55 2 0
55 3 528
55 4 0
55 5 463
55 6 484
55 7 0
55 8 136
55 9 514
55 10 0
55 11 261
55 12 923
55 13 0
55 14 704
55 15 0
55 16 0
55 17 0
55 18 383
55 19 691
55 20 419
55 21 0
55 22 841
55 23 218
55 24 308
55 25 0
55 26 0
55 27 0
55 28 183
55 29 649
55 30 0
55 31 493
55 32 844
55 33 761
55 34 895
55 35 618
55 36 0
55 37 141
55 38 0
55 39 0
55 40 0
55 41 778
55 42 0
55 43 0
55 44 451
55 45 0
55 46 211
55 47 0
55 48 0
55 49 220
55 50 0
55 51 913
55 52 0
55 53 0
55 54 675
55 55 0
55 56 827
55 57 0
55 58 0
55 59 0
55 60 813
55 61 335
55 62 824
55 63 828
55 64 0
55 65 0
55 66 0
55 67 0
55 68 0
55 69 0
55 70 0
55 71 428
55 72 18
55 73 241
55 74 902
55 75 309
55 76 0
55 77 0
55 78 0
55 79 0
55 80 130
55 81 682
55 82 550
55 83 867
55 84 488
55 85 517
55 86 495
55 87 853
55 88 455
55 89 0
55 90 596
55 91 444
55 92 0
55 93 0
55 94 0
55 95 0
55 96 0
55 97 0
55 98 589
55 99 0
56 0 0
56 1 754
56 2 682
56 3 693
56 4 0
56 5 0
56 6 76
56 7 663
56 8 498
56 9 840
56 10 0
56 11 541
56 12 649
56 13 0
56 14 167
56 15 0
56 16 261
56 17 399
56 18 0
56 19 0
56 20 510
56 21 0
56 22 0
56 23 251
56 24 467
56 25 459
56 26 85
56 27 0
56 28 0
56 29 0
56 30 747
56 31 595
56 32 718
56 33 0
56 34 0
56 35 0
56 36 0
56 37 0
56 38 557
56 39 0
56 40 553
56 41 0
56 42 0
56 43 0
56 44 39
56 45 0
56 46 845
56 47 936
56 48 399
56 49 0
56 50 143
56 51 643
56 52 667
56 53 0
56 54 0
56 55 827
56 56 0
56 57 886
56 58 0
56 59 0
56 60 380
56 61 947
56 62 369
56 63 0
56 64 937
56 65 254
56 66 0
56 67 768
56 68 620
56 69 815
56 70 0
56 71 0
56 72 762
56 73 0
56 74 242
56 75 328
56 76 0
56 77 0
56 78 0
56 79 0
56 80 503
56 81 300
56 82 0
56 83 152
56 84 836
56 85 817
56 86 537
56 87 200
56 88 0
56 89 0
56 90 598
56 91 0
56 92 0
56 93 421
56 94 502
56 95 10
56 96 352
56 97 0
56 98 950
56 99 129
57 0 394
57 1 0
57 2 563
57 3 0
57 4 0
57 5 0
57 6 111
57 7 0
57 8 326
57 9 0
57 10 491
57 11 615
57 12 27
57 13 0
57 14 0
57 15 0
57 16 0
57 17 0
57 18 538
57 19 0
57 20 0
57 21 0
57 22 440
57 23 732
57 24 0
57 25 0
57 26 0
57 27 297
57 28 959
57 29 427
57 30 704
57 31 0
57 32 0
57 33 59
57 34 640
57 35 0
57 36 913
57 37 0
57 38 779
57 39 430
57 40 161
57 41 730
57 42 0
57 43 0
57 44 0
57 45 0
57 46 0
57 47 958
57 48 0
57 49 0
57 50 0
57 51 0
57 52 361
57 53 943
57 54 0
57 55 0
57 56 886
57 57 0
57 58 0
57 59 330
57 60 0
57 61 0
57 62 413
57 63 0
57 64 0
57 65 596
57 66 362
57 67 0
57 68 59
57 69 0
57 70 0
57 71 978
57 72 784
57 73 982
57 74 453
57 75 613
57 76 556
57 77 0
57 78 161
57 79 0
57 80 126
57 81 0
57 82 508
57 83 0
57 84 0
57 85 443
57 86 0
57 87 914
57 88 0
57 89 0
57 90 447
57 91 0
57 92 0
57 93 47
57 94 868
57 95 0
57 96 0
57 97 934
57 98 191
57 99 0
58 0 0
58 1 0
58 2 358
58 3 0
58 4 224
58 5 69
58 6 0
58 7 0
58 8 644
58 9 0
58 10 71
58 11 0
58 12 714
58 13 0
58 14 256
58 15 603
58 16 28
58 17 790
58 18 826
58 19 0
58 20 874
58 21 218
58 22 0
58 23 779
58 24 0
58 25 311
58 26 965
58 27 402
58 28 0
58 29 0
58 30 510
58 31 12
58 32 303
58 33 0
58 34 0
58 35 16
58 36 0
58 37 824
58 38 0
58 39 0
58 40 0
58 41 947
58 42 895
58 43 379
58 44 0
58 45 0
58 46 869
58 47 260
58 48 0
58 49 463
58 50 0
58 51 0
58 52 37
58 53 0
58 54 212
58 55 0
58 56 0
58 57 0
58 58 0
58 59 659
58 60 0
58 61 0
58 62 713
58 63 383
58 64 144
58 65 960
58 66 769
58 67 0
58 68 0
58 69 95
58 70 935
58 71 0
58 72 0
58 73 371
58 74 0
58 75 0
58 76 648
58 77 810
58 78 141
58 79 0
58 80 558
58 81 0
58 82 973
58 83 131
58 84 720
58 85 0
58 86 295
58 87 0
58 88 39
58 89 0
58 90 0
58 91 194
58 92 242
58 93 293
58 94 0
58 95 40
58 96 0
58 97 0
58 98 837
58 99 0
59 0 0
59 1 268
59 2 0
59 3 182
59 4 252
59 5 744
59 6 0
59 7 574
59 8 0
59 9 0
59 10 0
59 11 0
59 12 459
59 13 939
59 14 346
59 15 995
59 16 421
59 17 0
59 18 69
59 19 253
59 20 453
59 21 97
59 22 0
59 23 742
59 24 0
59 25 0
59 26 0
59 27 0
59 28 119
59 29 0
59 30 443
59 31 0
59 32 0
59 33 676
59 34 0
59 35 312
59 36 356
59 37 0
59 38 775
59 39 0
59 40 913
59 41 0
59 42 0
59 43 923
59 44 535
59 45 0
59 46 0
59 47 745
59 48 0
59 49 270
59 50 775
59 51 793
59 52 0
59 53 0
59 54 0
59 55 0
59 56 0
59 57 330
59 58 659
59 59 0
59 60 475
59 61 0
59 62 123
59 63 866
59 64 417
59 65 269
59 66 597
59 67 633
59 68 0
59 69 0
59 70 592
59 71 0
59 72 228
59 73 545
59 74 769
59 75 534
59 76 261
59 77 245
59 78 806
59 79 0
59 80 0
59 81 0
59 82 0
59 83 0
59 84 946
59 85 295
59 86 0
59 87 0
59 88 0
59 89 399
59 90 0
59 91 0
59 92 213
59 93 0
59 94 483
59 95 0
59 96 0
59 97 0
59 98 690
59 99 731
60 0 0
60 1 376
60 2 0
60 3 0
60 4 0
60 5 203
60 6 80
60 7 0
60 8 595
60 9 315
60 10 0
60 11 0
60 12 0
60 13 279
60 14 0
60 15 0
60 16 0
60 17 0
60 18 0
60 19 36
60 20 180
60 21 0
60 22 983
60 23 0
60 24 0
60 25 0
60 26 0
60 27 428
60 28 788
60 29 17
60 30 0
60 31 623
60 32 0
60 33 591
60 34 0
60 35 680
60 36 531
60 37 0
60 38 322
60 39 0
60 40 845
60 41 0
60 42 0
60 43 620
60 44 0
60 45 626
60 46 0
60 47 0
60 48 0
60 49 175
60 50 0
60 51 304
60 52 191
60 53 0
60 54 0
60 55 813
60 56 380
60 57 0
60 58 0
60 59 475
60 60 0
60 61 692
60 62 0
60 63 54
60 64 0
60 65 491
60 66 128
60 67 0
60 68 614
60 69 0
60 70 0
60 71 0
60 72 0
60 73 0
60 74 397
60 75 600
60 76 0
60 77 0
60 78 559
60 79 540
60 80 137
60 81 22
60 82 227
60 83 643
60 84 793
60 85 500
60 86 711
60 87 409
60 88 0
60 89 902
60 90 167
60 91 301
60 92 0
60 93 0
60 94 0
60 95 155
60 96 774
60 97 0
60 98 0
60 99 212
61 0 0
61 1 272
61 2 0
61 3 0
61 4 0
61 5 0
61 6 0
61 7 0
61 8 766
61 9 587
61 10 0
61 11 0
61 12 51
61 13 0
61 14 777
61 15 0
61 16 34
61 17 0
61 18 664
61 19 611
61 20 880
61 21 414
61 22 0
61 23 0
61 24 611
61 25 349
61 26 0
61 27 914
61 28 0
61 29 0
61 30 0
61 31 149
61 32 315
61 33 231
61 34 235
61 35 0
61 36 0
61 37 0
61 38 186
61 39 458
61 40 418
61 41 0
61 42 0
61 43 522
61 44 591
61 45 0
61 46 0
61 47 31
61 48 0
61 49 0
61 50 279
61 51 0
61 52 0
61 53 308
61 54 506
61 55 335
61 56 947
61 57 0
61 58 0
61 59 0
61 60 692
61 61 0
61 62 0
61 63 806
61 64 792
61 65 0
61 66 0
61 67 0
61 68 0
61 69 551
61 70 930
61 71 848
61 72 922
61 73 508
61 74 0
61 75 0
61 76 434
61 77 737
61 78 0
61 79 0
61 80 0
61 81 0
61 82 0
61 83 780
61 84 625
61 85 175
61 86 0
61 87 0
61 88 0
61 89 0
61 90 869
61 91 393
61 92 0
61 93 0
61 94 626
61 95 370
61 96 0
61 97 0
61 98 145
61 99 633
62 0 0
62 1 0
62 2 0
62 3 897
62 4 612
62 5 299
62 6 0
62 7 0
62 8 0
62 9 0
62 10 0
62 11 0
62 12 788
62 13 898
62 14 796
62 15 110
62 16 0
62 17 0
62 18 0
62 19 0
62 20 0
62 21 225
62 22 720
62 23 0
62 24 0
62 25 0
62 26 338
62 27 583
62 28 312
62 29 354
62 30 181
62 31 528
62 32 0
62 33 0
62 34 202
62 35 696
62 36 835
62 37 0
62 38 0
62 39 0
62 40 0
62 41 0
62 42 0
62 43 0
62 44 889
62 45 948
62 46 809
62 47 443
62 48 497
62 49 0
62 50 480
62 51 0
62 52 689
62 53 716
62 54 0
62 55 824
62 56 369
62 57 413
62 58 713
62 59 123
62 60 0
62 61 0
62 62 0
62 63 411
62 64 0
62 65 488
62 66 681
62 67 0
62 68 0
62 69 153
62 70 0
62 71 161
62 72 123
62 73 610
62 74 646
62 75 0
62 76 156
62 77 844
62 78 731
62 79 894
62 80 0
62 81 0
62 82 804
62 83 126
62 84 703
62 85 414
62 86 0
62 87 0
62 88 655
62 89 334
62 90 0
62 91 693
62 92 456
62 93 702
62 94 0
62 95 387
62 96 0
62 97 0
62 98 319
62 99 0
63 0 0
63 1 0
63 2 0
63 3 610
63 4 914
63 5 0
63 6 0
63 7 900
63 8 961
63 9 78
63 10 872
63 11 0
63 12 0
63 13 0
63 14 0
63 15 0
63 16 0
63 17 0
63 18 730
63 19 0
63 20 101
63 21 0
63 22 213
63 23 879
63 24 0
63 25 492
63 26 985
63 27 205
63 28 948
63 29 467
63 30 710
63 31 73
63 32 959
63 33 695
63 34 887
63 35 0
63 36 431
63 37 165
63 38 0
63 39 250
63 40 0
63 41 972
63 42 0
63 43 0
63 44 0
63 45 320
63 46 0
63 47 0
63 48 0
63 49 0
63 50 817
63 51 110
63 52 0
63 53 326
63 54 564
63 55 828
63 56 0
63 57 0
63 58 383
63 59 866
63 60 54
63 61 806
63 62 411
63 63 0
63 64 773
63 65 0
63 66 0
63 67 128
63 68 0
63 69 749
63 70 349
63 71 0
63 72 0
63 73 197
63 74 95
63 75 0
63 76 237
63 77 168
63 78 488
63 79 266
63 80 0
63 81 271
63 82 63
63 83 0
63 84 0
63 85 472
63 86 0
63 87 29
63 88 0
63 89 409
63 90 0
63 91 0
63 92 0
63 93 529
63 94 0
63 95 0
63 96 472
63 97 0
63 98 0
63 99 0
64 0 0
64 1 0
64 2 0
64 3 0
64 4 0
64 5 272
64 6 0
64 7 0
64 8 0
64 9 999
64 10 692
64 11 607
64 12 0
64 13 771
64 14 946
64 15 949
64 16 0
64 17 191
64 18 0
64 19 230
64 20 0
64 21 198
64 22 0
64 23 729
64 24 0
64 25 0
64 26 0
64 27 0
64 28 510
64 29 656
64 30 0
64 31 515
64 32 479
64 33 0
64 34 893
64 35 0
64 36 990
64 37 0
64 38 663
64 39 718
64 40 281
64 41 432
64 42 451
64 43 495
64 44 0
64 45 0
64 46 0
64 47 911
64 48 19
64 49 0
64 50 0
64 51 0
64 52 0
64 53 672
64 54 445
64 55 0
64 56 937
64 57 0
64 58 144
64 59 417
64 60 0
64 61 792
64 62 0
64 63 773
64 64 0
64 65 653
64 66 907
64 67 0
64 68 277
64 69 0
64 70 0
64 71 231
64 72 0
64 73 503
64 74 980
64 75 0
64 76 0
64 77 860
64 78 0
64 79 284
64 80 251
64 81 0
64 82 0
64 83 506
64 84 58
64 85 0
64 86 748
64 87 0
64 88 0
64 89 279
64 90 46
64 91 941
64 92 303
64 93 513
64 94 0
64 95 219
64 96 527
64 97 774
64 98 0
64 99 0
65 0 0
65 1 184
65 2 0
65 3 497
65 4 0
65 5 0
65 6 0
65 7 577
65 8 48
65 9 0
65 10 212
65 11 450
65 12 201
65 13 632
65 14 0
65 15 0
65 16 0
65 17 0
65 18 997
65 19 84
65 20 0
65 21 0
65 22 841
65 23 92
65 24 0
65 25 0
65 26 0
65 27 78
65 28 0
65 29 0
65 30 979
65 31 522
65 32 0
65 33 231
65 34 573
65 35 0
65 36 0
65 37 0
65 38 0
65 39 945
65 40 629
65 41 84
65 42 112
65 43 0
65 44 0
65 45 446
65 46 372
65 47 701
65 48 550
65 49 199
65 50 0
65 51 401
65 52 305
65 53 879
65 54 0
65 55 0
65 56 254
65 57 596
65 58 960
65 59 269
65 60 491
65 61 0
65 62 488
65 63 0
65 64 653
65 65 0
65 66 0
65 67 705
65 68 0
65 69 652
65 70 0
65 71 0
65 72 0
65 73 317
65 74 0
65 75 0
65 76 0
65 77 759
65 78 0
65 79 0
65 80 0
65 81 700
65 82 0
65 83 0
65 84 0
65 85 281
65 86 245
65 87 790
65 88 0
65 89 524
65 90 0
65 91 86
65 92 906
65 93 509
65 94 0
65 95 77
65 96 0
65 97 971
65 98 719
65 99 103
66 0 0
66 1 224
66 2 148
66 3 0
66 4 0
66 5 467
66 6 0
66 7 576
66 8 822
66 9 896
66 10 854
66 11 565
66 12 895
66 13 0
66 14 0
66 15 202
66 16 0
66 17 0
66 18 0
66 19 464
66 20 127
66 21 24
66 22 203
66 23 493
66 24 0
66 25 962
66 26 839
66 27 195
66 28 264
66 29 231
66 30 723
66 31 0
66 32 101
66 33 296
66 34 18
66 35 0
66 36 976
66 37 0
66 38 912
66 39 434
66 40 0
66 41 0
66 42 0
66 43 0
66 44 0
66 45 0
66 46 637
66 47 0
66 48 573
66 49 0
66 50 0
66 51 805
66 52 410
66 53 727
66 54 646
66 55 0
66 56 0
66 57 362
66 58 769
66 59 597
66 60 128
66 61 0
66 62 681
66 63 0
66 64 907
66 65 0
66 66 0
66 67 156
66 68 0
66 69 901
66 70 0
66 71 0
66 72 445
66 73 0
66 74 830
66 75 0
66 76 371
66 77 789
66 78 770
66 79 0
66 80 0
66 81 0
66 82 556
66 83 670
66 84 937
66 85 0
66 86 401
66 87 0
66 88 444
66 89 212
66 90 0
66 91 0
66 92 0
66 93 103
66 94 0
66 95 0
66 96 229
66 97 239
66 98 0
66 99 0
67 0 0
67 1 0
67 2 0
67 3 833
67 4 0
67 5 0
67 6 0
67 7 356
67 8 0
67 9 0
67 10 0
67 11 40
67 12 988
67 13 0
67 14 969
67 15 279
67 16 0
67 17 379
67 18 485
67 19 0
67 20 0
67 21 64
67 22 730
67 23 0
67 24 0
67 25 889
67 26 0
67 27 390
67 28 0
67 29 697
67 30 0
67 31 0
67 32 0
67 33 309
67 34 585
67 35 623
67 36 0
67 37 44
67 38 439
67 39 372
67 40 217
67 41 0
67 42 0
67 43 935
67 44 0
67 45 0
67 46 0
67 47 0
67 48 0
67 49 557
67 50 577
67 51 208
67 52 625
67 53 0
67 54 670
67 55 0
67 56 768
67 57 0
67 58 0
67 59 633
67 60 0
67 61 0
67 62 0
67 63 128
67 64 0
67 65 705
67 66 156
67 67 0
67 68 0
67 69 0
67 70 0
67 71 366
67 72 167
67 73 0
67 74 0
67 75 0
67 76 0
67 77 0
67 78 962
67 79 0
67 80 14
67 81 0
67 82 762
67 83 573
67 84 0
67 85 0
67 86 600
67 87 182
67 88 0
67 89 455
67 90 456
67 91 0
67 92 0
67 93 0
67 94 0
67 95 0
67 96 630
67 97 0
67 98 568
67 99 0
68 0 221
68 1 897
68 2 0
68 3 0
68 4 0
68 5 450
68 6 864
68 7 959
68 8 0
68 9 0
68 10 979
68 11 810
68 12 71
68 13 83
68 14 886
68 15 0
68 16 0
68 17 628
68 18 0
68 19 0
68 20 279
68 21 0
68 22 548
68 23 0
68 24 882
68 25 290
68 26 500
68 27 0
68 28 0
68 29 0
68 30 453
68 31 0
68 32 616
68 33 0
68 34 205
68 35 107
68 36 0
68 37 609
68 38 300
68 39 935
68 40 106
68 41 266
68 42 0
68 43 0
68 44 0
68 45 500
68 46 694
68 47 0
68 48 642
68 49 754
68 50 413
68 51 700
68 52 587
68 53 0
68 54 12
68 55 0
68 56 620
68 57 59
68 58 0
68 59 0
68 60 614
68 61 0
68 62 0
68 63 0
68 64 277
68 65 0
68 66 0
68 67 0
68 68 0
68 69 0
68 70 720
68 71 0
68 72 973
68 73 0
68 74 566
68 75 350
68 76 0
68 77 0
68 78 243
68 79 692
68 80 459
68 81 0
68 82 600
68 83 0
68 84 906
68 85 0
68 86 0
68 87 673
68 88 0
68 89 0
68 90 0
68 91 0
68 92 0
68 93 0
68 94 47
68 95 0
68 96 0
68 97 629
68 98 0
68 99 663
69 0 467
69 1 0
69 2 301
69 3 544
69 4 494
69 5 0
69 6 0
69 7 782
69 8 485
69 9 65
69 10 489
69 11 230
69 12 0
69 13 677
69 14 0
69 15 239
69 16 670
69 17 0
69 18 852
69 19 0
69 20 0
69 21 43
69 22 0
69 23 0
69 24 0
69 25 0
69 26 472
69 27 30
69 28 486
69 29 0
69 30 878
69 31 901
69 32 0
69 33 0
69 34 0
69 35 962
69 36 0
69 37 0
69 38 0
69 39 556
69 40 0
69 41 0
69 42 137
69 43 403
69 44 151
69 45 651
69 46 0
69 47 941
69 48 0
69 49 382
69 50 0
69 51 544
69 52 571
69 53 0
69 54 589
69 55 0
69 56 815
69 57 0
69 58 95
69 59 0
69 60 0
69 61 551
69 62 153
69 63 749
69 64 0
69 65 652
69 66 901
69 67 0
69 68 0
69 69 0
69 70 0
69 71 436
69 72 0
69 73 0
69 74 0
69 75 0
69 76 0
69 77 0
69 78 0
69 79 627
69 80 0
69 81 642
69 82 0
69 83 887
69 84 0
69 85 256
69 86 407
69 87 476
69 88 0
69 89 935
69 90 19
69 91 614
69 92 0
69 93 995
69 94 0
69 95 0
69 96 0
69 97 0
69 98 711
69 99 0
70 0 429
70 1 773
70 2 0
70 3 0
70 4 0
70 5 0
70 6 132
70 7 0
70 8 377
70 9 772
70 10 0
70 11 0
70 12 297
70 13 620
70 14 639
70 15 252
70 16 271
70 17 206
70 18 0
70 19 0
70 20 211
70 21 950
70 22 0
70 23 0
70 24 0
70 25 0
70 26 485
70 27 759
70 28 0
70 29 0
70 30 507
70 31 0
70 32 607
70 33 706
70 34 0
70 35 229
70 36 0
70 37 920
70 38 0
70 39 338
70 40 823
70 41 0
70 42 0
70 43 562
70 44 0
70 45 0
70 46 0
70 47 0
70 48 196
70 49 815
70 50 644
70 51 54
70 52 0
70 53 627
70 54 866
70 55 0
70 56 0
70 57 0
70 58 935
70 59 592
70 60 0
70 61 930
70 62 0
70 63 349
70 64 0
70 65 0
70 66 0
70 67 0
70 68 720
70 69 0
70 70 0
70 71 147
70 72 0
70 73 0
70 74 0
70 75 604
70 76 90
70 77 624
70 78 0
70 79 0
70 80 834
70 81 38
70 82 11
70 83 0
70 84 823
70 85 963
70 86 0
70 87 0
70 88 0
70 89 513
70 90 0
70 91 0
70 92 0
70 93 0
70 94 23
70 95 0
70 96 0
70 97 0
70 98 0
70 99 877
71 0 0
71 1 0
71 2 0
71 3 913
71 4 601
71 5 0
71 6 301
71 7 481
71 8 0
71 9 0
71 10 0
71 11 225
71 12 770
71 13 992
71 14 0
71 15 0
71 16 0
71 17 0
71 18 136
71 19 0
71 20 452
71 21 0
71 22 424
71 23 0
71 24 0
71 25 0
71 26 229
71 27 0
71 28 0
71 29 0
71 30 0
71 31 375
71 32 919
71 33 0
71 34 462
71 35 847
71 36 54
71 37 0
71 38 168
71 39 129
71 40 50
71 41 0
71 42 743
71 43 298
71 44 641
71 45 866
71 46 0
71 47 880
71 48 0
71 49 397
71 50 0
71 51 628
71 52 848
71 53 0
71 54 0
71 55 428
71 56 0
71 57 978
71 58 0
71 59 0
71 60 0
71 61 848
71 62 161
71 63 0
71 64 231
71 65 0
71 66 0
71 67 366
71 68 0
71 69 436
71 70 147
71 71 0
71 72 0
71 73 613
71 74 0
71 75 903
71 76 0
71 77 0
71 78 0
71 79 0
71 80 0
71 81 0
71 82 0
71 83 112
71 84 0
71 85 0
71 86 573
71 87 0
71 88 0
71 89 0
71 90 374
71 91 0
71 92 278
71 93 264
71 94 44
71 95 385
71 96 0
71 97 526
71 98 0
71 99 400
72 0 809
72 1 289
72 2 879
72 3 871
72 4 0
72 5 0
72 6 983
72 7 906
72 8 833
72 9 0
72 10 0
72 11 0
72 12 276
72 13 914
72 14 0
72 15 684
72 16 369
72 17 0
72 18 396
72 19 116
72 20 0
72 21 0
72 22 715
72 23 366
72 24 0
72 25 973
72 26 417
72 27 462
72 28 778
72 29 959
72 30 0
72 31 337
72 32 628
72 33 0
72 34 620
72 35 566
72 36 397
72 37 701
72 38 448
72 39 0
72 40 994
72 41 642
72 42 0
72 43 319
72 44 0
72 45 41
72 46 0
72 47 501
72 48 0
72 49 803
72 50 550
72 51 0
72 52 0
72 53 0
72 54 0
72 55 18
72 56 762
72 57 784
72 58 0
72 59 228
72 60 0
72 61 922
72 62 123
72 63 0
72 64 0
72 65 0
72 66 445
72 67 167
72 68 973
72 69 0
72 70 0
72 71 0
72 72 0
72 73 0
72 74 0
72 75 0
72 76 0
72 77 879
72 78 0
72 79 0
72 80 0
72 81 816
72 82 0
72 83 0
72 84 0
72 85 236
72 86 116
72 87 267
72 88 734
72 89 344
72 90 0
72 91 0
72 92 460
72 93 0
72 94 130
72 95 0
72 96 310
72 97 0
72 98 420
72 99 191
73 0 844
73 1 0
73 2 0
73 3 924
73 4 765
73 5 0
73 6 725
73 7 0
73 8 728
73 9 982
73 10 0
73 11 896
73 12 653
73 13 0
73 14 0
73 15 0
73 16 136
73 17 859
73 18 0
73 19 366
73 20 0
73 21 0
73 22 0
73 23 0
73 24 198
73 25 0
73 26 723
73 27 0
73 28 0
73 29 824
73 30 0
73 31 587
73 32 357
73 33 0
73 34 0
73 35 216
73 36 43
73 37 897
73 38 342
73 39 841
73 40 0
73 41 98
73 42 672
73 43 223
73 44 859
73 45 0
73 46 0
73 47 466
73 48 51
73 49 0
73 50 989
73 51 0
73 52 596
73 53 0
73 54 0
73 55 241
73 56 0
73 57 982
73 58 371
73 59 545
73 60 0
73 61 508
73 62 610
73 63 197
73 64 503
73 65 317
73 66 0
73 67 0
73 68 0
73 69 0
73 70 0
73 71 613
73 72 0
73 73 0
73 74 0
73 75 859
73 76 383
73 77 636
73 78 0
73 79 125
73 80 0
73 81 0
73 82 0
73 83 608
73 84 183
73 85 0
73 86 680
73 87 278
73 88 856
73 89 521
73 90 0
73 91 0
73 92 0
73 93 0
73 94 0
73 95 97
73 96 0
73 97 985
73 98 0
73 99 0
74 0 0
74 1 529
74 2 343
74 3 0
74 4 0
74 5 462
74 6 0
74 7 516
74 8 892
74 9 23
74 10 177
74 11 606
74 12 0
74 13 0
74 14 0
74 15 864
74 16 0
74 17 839
74 18 0
74 19 43
74 20 956
74 21 353
74 22 345
74 23 0
74 24 0
74 25 852
74 26 462
74 27 269
74 28 0
74 29 701
74 30 0
74 31 482
74 32 333
74 33 0
74 34 542
74 35 667
74 36 548
74 37 850
74 38 612
74 39 0
74 40 774
74 41 358
74 42 0
74 43 0
74 44 183
74 45 0
74 46 0
74 47 139
74 48 210
74 49 837
74 50 881
74 51 120
74 52 914
74 53 0
74 54 0
74 55 902
74 56 242
74 57 453
74 58 0
74 59 769
74 60 397
74 61 0
74 62 646
74 63 95
74 64 980
74 65 0
74 66 830
74 67 0
74 68 566
74 69 0
74 70 0
74 71 0
74 72 0
74 73 0
74 74 0
74 75 928
74 76 546
74 77 0
74 78 0
74 79 272
74 80 942
74 81 0
74 82 0
74 83 471
74 84 747
74 85 147
74 86 234
74 87 824
74 88 63
74 89 568
74 90 0
74 91 14
74 92 376
74 93 0
74 94 0
74 95 0
74 96 0
74 97 160
74 98 370
74 99 262
75 0 0
75 1 269
75 2 0
75 3 0
75 4 110
75 5 0
75 6 80
75 7 0
75 8 70
75 9 569
75 10 539
75 11 0
75 12 0
75 13 629
75 14 288
75 15 0
75 16 0
75 17 545
75 18 0
75 19 0
75 20 495
75 21 221
75 22 859
75 23 0
75 24 0
75 25 170
75 26 534
75 27 0
75 28 733
75 29 737
75 30 0
75 31 138
75 32 175
75 33 0
75 34 804
75 35 466
75 36 804
75 37 967
75 38 0
75 39 0
75 40 0
75 41 392
75 42 626
75 43 209
75 44 843
75 45 181
75 46 144
75 47 0
75 48 0
75 49 0
75 50 642
75 51 81
75 52 0
75 53 0
75 54 578
75 55 309
75 56 328
75 57 613
75 58 0
75 59 534
75 60 600
75 61 0
75 62 0
75 63 0
75 64 0
75 65 0
75 66 0
75 67 0
75 68 350
75 69 0
75 70 604
75 71 903
75 72 0
75 73 859
75 74 928
75 75 0
75 76 0
75 77 721
75 78 0
75 79 990
75 80 210
75 81 228
75 82 236
75 83 301
75 84 0
75 85 405
75 86 0
75 87 0
75 88 0
75 89 265
75 90 860
75 91 0
75 92 144
75 93 846
75 94 565
75 95 109
75 96 60
75 97 0
75 98 0
75 99 0
76 0 44
76 1 792
76 2 0
76 3 0
76 4 0
76 5 475
76 6 0
76 7 0
76 8 0
76 9 0
76 10 22
76 11 224
76 12 0
76 13 0
76 14 905
76 15 558
76 16 0
76 17 0
76 18 0
76 19 0
76 20 0
76 21 0
76 22 0
76 23 0
76 24 0
76 25 0
76 26 0
76 27 16
76 28 315
76 29 0
76 30 421
76 31 529
76 32 653
76 33 357
76 34 0
76 35 164
76 36 329
76 37 926
76 38 0
76 39 0
76 40 344
76 41 0
76 42 0
76 43 0
76 44 0
76 45 918
76 46 0
76 47 0
76 48 648
76 49 46
76 50 0
76 51 586
76 52 812
76 53 0
76 54 0
76 55 0
76 56 0
76 57 556
76 58 648
76 59 261
76 60 0
76 61 434
76 62 156
76 63 237
76 64 0
76 65 0
76 66 371
76 67 0
76 68 0
76 69 0
76 70 90
76 71 0
76 72 0
76 73 383
76 74 546
76 75 0
76 76 0
76 77 0
76 78 962
76 79 0
76 80 0
76 81 27
76 82 0
76 83 0
76 84 656
76 85 0
76 86 495
76 87 0
76 88 886
76 89 592
76 90 0
76 91 641
76 92 445
76 93 976
76 94 655
76 95 123
76 96 30
76 97 541
76 98 0
76 99 0
77 0 0
77 1 312
77 2 387
77 3 0
77 4 375
77 5 612
77 6 555
77 7 893
77 8 0
77 9 102
77 10 0
77 11 425
77 12 271
77 13 0
77 14 34
77 15 0
77 16 552
77 17 0
77 18 660
77 19 36
77 20 139
77 21 746
77 22 0
77 23 0
77 24 0
77 25 135
77 26 0
77 27 359
77 28 120
77 29 508
77 30 140
77 31 50
77 32 760
77 33 830
77 34 0
77 35 791
77 36 422
77 37 441
77 38 857
77 39 884
77 40 371
77 41 0
77 42 0
77 43 0
77 44 0
77 45 0
77 46 593
77 47 0
77 48 0
77 49 863
77 50 141
77 51 0
77 52 693
77 53 869
77 54 394
77 55 0
77 56 0
77 57 0
77 58 810
77 59 245
77 60 0
77 61 737
77 62 844
77 63 168
77 64 860
77 65 759
77 66 789
77 67 0
77 68 0
77 69 0
77 70 624
77 71 0
77 72 879
77 73 636
77 74 0
77 75 721
77 76 0
77 77 0
77 78 0
77 79 0
77 80 394
77 81 700
77 82 0
77 83 221
77 84 0
77 85 0
77 86 493
77 87 292
77 88 0
77 89 997
77 90 0
77 91 600
77 92 701
77 93 0
77 94 642
77 95 161
77 96 0
77 97 0
77 98 0
77 99 0
78 0 0
78 1 749
78 2 965
78 3 0
78 4 558
78 5 503
78 6 0
78 7 0
78 8 927
78 9 0
78 10 300
78 11 628
78 12 0
78 13 0
78 14 0
78 15 876
78 16 0
78 17 0
78 18 0
78 19 0
78 20 679
78 21 10
78 22 0
78 23 331
78 24 161
78 25 990
78 26 0
78 27 0
78 28 0
78 29 0
78 30 128
78 31 806
78 32 624
78 33 0
78 34 635
78 35 0
78 36 0
78 37 0
78 38 320
78 39 0
78 40 628
78 41 121
78 42 257
78 43 0
78 44 307
78 45 559
78 46 880
78 47 0
78 48 0
78 49 297
78 50 411
78 51 0
78 52 0
78 53 0
78 54 54
78 55 0
78 56 0
78 57 161
78 58 141
78 59 806
78 60 559
78 61 0
78 62 731
78 63 488
78 64 0
78 65 0
78 66 770
78 67 962
78 68 243
78 69 0
78 70 0
78 71 0
78 72 0
78 73 0
78 74 0
78 75 0
78 76 962
78 77 0
78 78 0
78 79 23
78 80 836
78 81 315
78 82 230
78 83 0
78 84 0
78 85 231
78 86 0
78 87 159
78 88 457
78 89 0
78 90 0
78 91 0
78 92 230
78 93 0
78 94 720
78 95 789
78 96 0
78 97 294
78 98 0
78 99 0
79 0 0
79 1 0
79 2 0
79 3 0
79 4 0
79 5 160
79 6 191
79 7 0
79 8 886
79 9 0
79 10 0
79 11 0
79 12 0
79 13 569
79 14 0
79 15 0
79 16 0
79 17 15
79 18 0
79 19 0
79 20 0
79 21 0
79 22 74
79 23 0
79 24 745
79 25 0
79 26 545
79 27 0
79 28 528
79 29 0
79 30 148
79 31 620
79 32 0
79 33 0
79 34 993
79 35 154
79 36 0
79 37 625
79 38 0
79 39 777
79 40 910
79 41 0
79 42 0
79 43 289
79 44 512
79 45 0
79 46 892
79 47 721
79 48 0
79 49 0
79 50 0
79 51 740
79 52 402
79 53 0
79 54 666
79 55 0
79 56 0
79 57 0
79 58 0
79 59 0
79 60 540
79 61 0
79 62 894
79 63 266
79 64 284
79 65 0
79 66 0
79 67 0
79 68 692
79 69 627
79 70 0
79 71 0
79 72 0
79 73 125
79 74 272
79 75 990
79 76 0
79 77 0
79 78 23
79 79 0
79 80 0
79 81 865
79 82 0
79 83 964
79 84 0
79 85 0
79 86 0
79 87 327
79 88 61
79 89 0
79 90 454
79 91 741
79 92 0
79 93 118
79 94 309
79 95 0
79 96 195
79 97 0
79 98 820
79 99 0
80 0 829
80 1 0
80 2 638
80 3 0
80 4 0
80 5 522
80 6 0
80 7 466
80 8 0
80 9 435
80 10 793
80 11 234
80 12 457
80 13 0
80 14 0
80 15 159
80 16 234
80 17 0
80 18 719
80 19 0
80 20 0
80 21 0
80 22 0
80 23 0
80 24 178
80 25 0
80 26 0
80 27 0
80 28 0
80 29 0
80 30 0
80 31 225
80 32 0
80 33 738
80 34 0
80 35 499
80 36 600
80 37 0
80 38 379
80 39 0
80 40 0
80 41 298
80 42 860
80 43 0
80 44 0
80 45 0
80 46 398
80 47 938
80 48 0
80 49 0
80 50 527
80 51 566
80 52 103
80 53 0
80 54 0
80 55 130
80 56 503
80 57 126
80 58 558
80 59 0
80 60 137
80 61 0
80 62 0
80 63 0
80 64 251
80 65 0
80 66 0
80 67 14
80 68 459
80 69 0
80 70 834
80 71 0
80 72 0
80 73 0
80 74 942
80 75 210
80 76 0
80 77 394
80 78 836
80 79 0
80 80 0
80 81 0
80 82 352
80 83 0
80 84 0
80 85 106
80 86 0
80 87 0
80 88 0
80 89 0
80 90 409
80 91 471
80 92 0
80 93 513
80 94 373
80 95 309
80 96 454
80 97 0
80 98 545
80 99 0
81 0 0
81 1 0
81 2 399
81 3 325
81 4 510
81 5 0
81 6 972
81 7 0
81 8 222
81 9 976
81 10 265
81 11 550
81 12 0
81 13 0
81 14 0
81 15 439
81 16 0
81 17 792
81 18 0
81 19 295
81 20 0
81 21 13
81 22 0
81 23 0
81 24 0
81 25 192
81 26 806
81 27 219
81 28 83
81 29 0
81 30 0
81 31 497
81 32 378
81 33 275
81 34 0
81 35 0
81 36 230
81 37 499
81 38 782
81 39 0
81 40 959
81 41 207
81 42 933
81 43 732
81 44 0
81 45 534
81 46 83
81 47 0
81 48 551
81 49 0
81 50 0
81 51 0
81 52 0
81 53 856
81 54 0
81 55 682
81 56 300
81 57 0
81 58 0
81 59 0
81 60 22
81 61 0
81 62 0
81 63 271
81 64 0
81 65 700
81 66 0
81 67 0
81 68 0
81 69 642
81 70 38
81 71 0
81 72 816
81 73 0
81 74 0
81 75 228
81 76 27
81 77 700
81 78 315
81 79 865
81 80 0
81 81 0
81 82 91
81 83 0
81 84 0
81 85 0
81 86 313
81 87 0
81 88 0
81 89 774
81 90 69
81 91 220
81 92 0
81 93 0
81 94 0
81 95 258
81 96 0
81 97 0
81 98 0
81 99 320
82 0 144
82 1 937
82 2 0
82 3 602
82 4 364
82 5 0
82 6 57
82 7 609
82 8 451
82 9 590
82 10 0
82 11 498
82 12 0
82 13 80
82 14 0
82 15 0
82 16 158
82 17 649
82 18 0
82 19 0
82 20 0
82 21 0
82 22 0
82 23 0
82 24 0
82 25 0
82 26 982
82 27 918
82 28 0
82 29 39
82 30 0
82 31 148
82 32 0
82 33 520
82 34 0
82 35 516
82 36 565
82 37 990
82 38 549
82 39 273
82 40 0
82 41 0
82 42 0
82 43 608
82 44 0
82 45 0
82 46 979
82 47 0
82 48 0
82 49 910
82 50 140
82 51 0
82 52 0
82 53 0
82 54 0
82 55 550
82 56 0
82 57 508
82 58 973
82 59 0
82 60 227
82 61 0
82 62 804
82 63 63
82 64 0
82 65 0
82 66 556
82 67 762
82 68 600
82 69 0
82 70 11
82 71 0
82 72 0
82 73 0
82 74 0
82 75 236
82 76 0
82 77 0
82 78 230
82 79 0
82 80 352
82 81 91
82 82 0
82 83 0
82 84 0
82 85 0
82 86 0
82 87 39
82 88 0
82 89 0
82 90 608
82 91 0
82 92 142
82 93 0
82 94 565
82 95 0
82 96 910
82 97 0
82 98 0
82 99 0
83 0 0
83 1 0
83 2 0
83 3 0
83 4 534
83 5 100
83 6 498
83 7 0
83 8 261
83 9 0
83 10 0
83 11 0
83 12 915
83 13 344
83 14 0
83 15 0
83 16 0
83 17 556
83 18 99
83 19 730
83 20 0
83 21 0
83 22 508
83 23 924
83 24 0
83 25 319
83 26 744
83 27 507
83 28 51
83 29 0
83 30 387
83 31 750
83 32 519
83 33 868
83 34 0
83 35 0
83 36 647
83 37 287
83 38 733
83 39 0
83 40 941
83 41 0
83 42 227
83 43 36
83 44 944
83 45 0
83 46 822
83 47 459
83 48 0
83 49 287
83 50 0
83 51 681
83 52 0
83 53 250
83 54 0
83 55 867
83 56 152
83 57 0
83 58 131
83 59 0
83 60 643
83 61 780
83 62 126
83 63 0
83 64 506
83 65 0
83 66 670
83 67 573
83 68 0
83 69 887
83 70 0
83 71 112
83 72 0
83 73 608
83 74 471
83 75 301
83 76 0
83 77 221
83 78 0
83 79 964
83 80 0
83 81 0
83 82 0
83 83 0
83 84 711
83 85 363
83 86 916
83 87 963
83 88 351
83 89 0
83 90 0
83 91 0
83 92 0
83 93 0
83 94 397
83 95 0
83 96 313
83 97 376
83 98 0
83 99 657
84 0 0
84 1 0
84 2 0
84 3 893
84 4 0
84 5 0
84 6 984
84 7 154
84 8 581
84 9 0
84 10 292
84 11 838
84 12 785
84 13 0
84 14 0
84 15 294
84 16 507
84 17 792
84 18 284
84 19 0
84 20 242
84 21 0
84 22 942
84 23 839
84 24 0
84 25 0
84 26 950
84 27 0
84 28 698
84 29 0
84 30 0
84 31 397
84 32 17
84 33 36
84 34 0
84 35 0
84 36 270
84 37 0
84 38 0
84 39 854
84 40 458
84 41 0
84 42 424
84 43 821
84 44 0
84 45 696
84 46 0
84 47 0
84 48 973
84 49 314
84 50 0
84 51 0
84 52 0
84 53 233
84 54 0
84 55 488
84 56 836
84 57 0
84 58 720
84 59 946
84 60 793
84 61 625
84 62 703
84 63 0
84 64 58
84 65 0
84 66 937
84 67 0
84 68 906
84 69 0
84 70 823
84 71 0
84 72 0
84 73 183
84 74 747
84 75 0
84 76 656
84 77 0
84 78 0
84 79 0
84 80 0
84 81 0
84 82 0
84 83 711
84 84 0
84 85 26
84 86 772
84 87 0
84 88 0
84 89 203
84 90 421
84 91 603
84 92 0
84 93 866
84 94 0
84 95 348
84 96 0
84 97 854
84 98 89
84 99 409
85 0 491
85 1 0
85 2 342
85 3 0
85 4 0
85 5 0
85 6 898
85 7 490
85 8 304
85 9 365
85 10 768
85 11 0
85 12 795
85 13 397
85 14 0
85 15 0
85 16 920
85 17 542
85 18 982
85 19 154
85 20 168
85 21 839
85 22 0
85 23 0
85 24 295
85 25 0
85 26 915
85 27 54
85 28 218
85 29 0
85 30 88
85 31 47
85 32 280
85 33 0
85 34 478
85 35 695
85 36 0
85 37 0
85 38 289
85 39 348
85 40 0
85 41 933
85 42 0
85 43 0
85 44 0
85 45 875
85 46 219
85 47 0
85 48 0
85 49 0
85 50 0
85 51 832
85 52 0
85 53 0
85 54 0
85 55 517
85 56 817
85 57 443
85 58 0
85 59 295
85 60 500
85 61 175
85 62 414
85 63 472
85 64 0
85 65 281
85 66 0
85 67 0
85 68 0
85 69 256
85 70 963
85 71 0
85 72 236
85 73 0
85 74 147
85 75 405
85 76 0
85 77 0
85 78 231
85 79 0
85 80 106
85 81 0
85 82 0
85 83 363
85 84 26
85 85 0
85 86 0
85 87 948
85 88 706
85 89 977
85 90 0
85 91 0
85 92 0
85 93 837
85 94 400
85 95 0
85 96 0
85 97 125
85 98 0
85 99 0
86 0 20
86 1 0
86 2 0
86 3 0
86 4 150
86 5 318
86 6 0
86 7 37
86 8 0
86 9 0
86 10 0
86 11 580
86 12 0
86 13 0
86 14 631
86 15 981
86 16 229
86 17 0
86 18 0
86 19 149
86 20 698
86 21 794
86 22 0
86 23 0
86 24 101
86 25 0
86 26 0
86 27 558
86 28 0
86 29 0
86 30 0
86 31 816
86 32 0
86 33 0
86 34 0
86 35 0
86 36 0
86 37 0
86 38 113
86 39 727
86 40 536
86 41 346
86 42 447
86 43 0
86 44 211
86 45 890
86 46 0
86 47 53
86 48 735
86 49 0
86 50 0
86 51 912
86 52 0
86 53 0
86 54 812
86 55 495
86 56 537
86 57 0
86 58 295
86 59 0
86 60 711
86 61 0
86 62 0
86 63 0
86 64 748
86 65 245
86 66 401
86 67 600
86 68 0
86 69 407
86 70 0
86 71 573
86 72 116
86 73 680
86 74 234
86 75 0
86 76 495
86 77 493
86 78 0
86 79 0
86 80 0
86 81 313
86 82 0
86 83 916
86 84 772
86 85 0
86 86 0
86 87 352
86 88 0
86 89 0
86 90 0
86 91 991
86 92 0
86 93 0
86 94 951
86 95 887
86 96 0
86 97 0
86 98 0
86 99 906
87 0 790
87 1 959
87 2 553
87 3 977
87 4 567
87 5 0
87 6 443
87 7 0
87 8 0
87 9 849
87 10 0
87 11 326
87 12 480
87 13 258
87 14 271
87 15 269
87 16 0
87 17 0
87 18 0
87 19 0
87 20 0
87 21 0
87 22 501
87 23 459
87 24 828
87 25 0
87 26 760
87 27 0
87 28 851
87 29 773
87 30 315
87 31 0
87 32 823
87 33 895
87 34 0
87 35 444
87 36 0
87 37 0
87 38 0
87 39 946
87 40 523
87 41 652
87 42 0
87 43 0
87 44 836
87 45 0
87 46 0
87 47 77
87 48 781
87 49 0
87 50 795
87 51 945
87 52 0
87 53 649
87 54 365
87 55 853
87 56 200
87 57 914
87 58 0
87 59 0
87 60 409
87 61 0
87 62 0
87 63 29
87 64 0
87 65 790
87 66 0
87 67 182
87 68 673
87 69 476
87 70 0
87 71 0
87 72 267
87 73 278
87 74 824
87 75 0
87 76 0
87 77 292
87 78 159
87 79 327
87 80 0
87 81 0
87 82 39
87 83 963
87 84 0
87 85 948
87 86 352
87 87 0
87 88 386
87 89 121
87 90 778
87 91 894
87 92 0
87 93 298
87 94 0
87 95 208
87 96 241
87 97 0
87 98 0
87 99 0
88 0 686
88 1 834
88 2 571
88 3 0
88 4 207
88 5 0
88 6 847
88 7 0
88 8 179
88 9 992
88 10 646
88 11 0
88 12 0
88 13 61
88 14 458
88 15 216
88 16 0
88 17 110
88 18 0
88 19 266
88 20 0
88 21 916
88 22 222
88 23 429
88 24 84
88 25 520
88 26 594
88 27 530
88 28 0
88 29 103
88 30 0
88 31 472
88 32 0
88 33 0
88 34 633
88 35 0
88 36 736
88 37 108
88 38 0
88 39 0
88 40 528
88 41 223
88 42 605
88 43 943
88 44 535
88 45 0
88 46 224
88 47 26
88 48 0
88 49 0
88 50 0
88 51 868
88 52 642
88 53 878
88 54 0
88 55 455
88 56 0
88 57 0
88 58 39
88 59 0
88 60 0
88 61 0
88 62 655
88 63 0
88 64 0
88 65 0
88 66 444
88 67 0
88 68 0
88 69 0
88 70 0
88 71 0
88 72 734
88 73 856
88 74 63
88 75 0
88 76 886
88 77 0
88 78 457
88 79 61
88 80 0
88 81 0
88 82 0
88 83 351
88 84 0
88 85 706
88 86 0
88 87 386
88 88 0
88 89 0
88 90 0
88 91 458
88 92 0
88 93 0
88 94 643
88 95 0
88 96 540
88 97 590
88 98 339
88 99 218
89 0 0
89 1 0
89 2 75
89 3 0
89 4 954
89 5 0
89 6 0
89 7 58
89 8 351
89 9 0
89 10 137
89 11 0
89 12 0
89 13 0
89 14 0
89 15 236
89 16 0
89 17 33
89 18 0
89 19 423
89 20 837
89 21 568
89 22 522
89 23 0
89 24 0
89 25 372
89 26 0
89 27 434
89 28 876
89 29 0
89 30 0
89 31 0
89 32 23
89 33 0
89 34 0
89 35 0
89 36 0
89 37 60
89 38 596
89 39 731
89 40 779
89 41 0
89 42 253
89 43 0
89 44 0
89 45 434
89 46 0
89 47 82
89 48 0
89 49 0
89 50 0
89 51 0
89 52 656
89 53 0
89 54 136
89 55 0
89 56 0
89 57 0
89 58 0
89 59 399
89 60 902
89 61 0
89 62 334
89 63 409
89 64 279
89 65 524
89 66 212
89 67 455
89 68 0
89 69 935
89 70 513
89 71 0
89 72 344
89 73 521
89 74 568
89 75 265
89 76 592
89 77 997
89 78 0
89 79 0
89 80 0
89 81 774
89 82 0
89 83 0
89 84 203
89 85 977
89 86 0
89 87 121
89 88 0
89 89 0
89 90 21
89 91 0
89 92 0
89 93 0
89 94 0
89 95 921
89 96 0
89 97 0
89 98 0
89 99 0
90 0 0
90 1 0
90 2 800
90 3 362
90 4 343
90 5 0
90 6 0
90 7 0
90 8 0
90 9 436
90 10 446
90 11 0
90 12 583
90 13 0
90 14 434
90 15 0
90 16 0
90 17 527
90 18 0
90 19 0
90 20 0
90 21 976
90 22 0
90 23 56
90 24 156
90 25 320
90 26 313
90 27 0
90 28 0
90 29 0
90 30 539
90 31 0
90 32 0
90 33 0
90 34 727
90 35 175
90 36 0
90 37 66
90 38 0
90 39 715
90 40 15
90 41 0
90 42 249
90 43 0
90 44 391
90 45 0
90 46 0
90 47 0
90 48 378
90 49 0
90 50 129
90 51 497
90 52 945
90 53 0
90 54 484
90 55 596
90 56 598
90 57 447
90 58 0
90 59 0
90 60 167
90 61 869
90 62 0
90 63 0
90 64 46
90 65 0
90 66 0
90 67 456
90 68 0
90 69 19
90 70 0
90 71 374
90 72 0
90 73 0
90 74 0
90 75 860
90 76 0
90 77 0
90 78 0
90 79 454
90 80 409
90 81 69
90 82 608
90 83 0
90 84 421
90 85 0
90 86 0
90 87 778
90 88 0
90 89 21
90 90 0
90 91 674
90 92 983
90 93 0
90 94 805
90 95 0
90 96 0
90 97 0
90 98 91
90 99 0
91 0 726
91 1 782
91 2 0
91 3 0
91 4 894
91 5 731
91 6 0
91 7 0
91 8 336
91 9 0
91 10 0
91 11 380
91 12 0
91 13 686
91 14 0
91 15 414
91 16 718
91 17 960
91 18 140
91 19 999
91 20 582
91 21 501
91 22 99
91 23 0
91 24 964
91 25 212
91 26 0
91 27 440
91 28 780
91 29 0
91 30 106
91 31 266
91 32 0
91 33 512
91 34 419
91 35 0
91 36 860
91 37 596
91 38 710
91 39 712
91 40 429
91 41 0
91 42 914
91 43 0
91 44 0
91 45 0
91 46 0
91 47 181
91 48 0
91 49 0
91 50 511
91 51 236
91 52 118
91 53 366
91 54 508
91 55 444
91 56 0
91 57 0
91 58 194
91 59 0
91 60 301
91 61 393
91 62 693
91 63 0
91 64 941
91 65 86
91 66 0
91 67 0
91 68 0
91 69 614
91 70 0
91 71 0
91 72 0
91 73 0
91 74 14
91 75 0
91 76 641
91 77 600
91 78 0
91 79 741
91 80 471
91 81 220
91 82 0
91 83 0
91 84 603
91 85 0
91 86 991
91 87 894
91 88 458
91 89 0
91 90 674
91 91 0
91 92 781
91 93 703
91 94 33
91 95 0
91 96 903
91 97 209
91 98 951
91 99 0
92 0 0
92 1 0
92 2 0
92 3 771
92 4 0
92 5 0
92 6 859
92 7 0
92 8 493
92 9 170
92 10 0
92 11 0
92 12 648
92 13 646
92 14 0
92 15 0
92 16 874
92 17 0
92 18 0
92 19 0
92 20 774
92 21 0
92 22 0
92 23 159
92 24 507
92 25 0
92 26 0
92 27 444
92 28 285
92 29 610
92 30 0
92 31 0
92 32 0
92 33 177
92 34 274
92 35 0
92 36 192
92 37 85
92 38 0
92 39 0
92 40 0
92 41 547
92 42 0
92 43 0
92 44 0
92 45 87
92 46 0
92 47 916
92 48 139
92 49 88
92 50 0
92 51 339
92 52 368
92 53 0
92 54 422
92 55 0
92 56 0
92 57 0
92 58 242
92 59 213
92 60 0
92 61 0
92 62 456
92 63 0
92 64 303
92 65 906
92 66 0
92 67 0
92 68 0
92 69 0
92 70 0
92 71 278
92 72 460
92 73 0
92 74 376
92 75 144
92 76 445
92 77 701
92 78 230
92 79 0
92 80 0
92 81 0
92 82 142
92 83 0
92 84 0
92 85 0
92 86 0
92 87 0
92 88 0
92 89 0
92 90 983
92 91 781
92 92 0
92 93 0
92 94 0
92 95 0
92 96 0
92 97 718
92 98 0
92 99 0
93 0 0
93 1 0
93 2 0
93 3 0
93 4 893
93 5 0
93 6 107
93 7 640
93 8 10
93 9 999
93 10 0
93 11 460
93 12 0
93 13 578
93 14 0
93 15 0
93 16 0
93 17 63
93 18 132
93 19 338
93 20 803
93 21 837
93 22 0
93 23 842
93 24 0
93 25 0
93 26 0
93 27 0
93 28 348
93 29 0
93 30 349
93 31 0
93 32 0
93 33 0
93 34 0
93 35 798
93 36 406
93 37 0
93 38 0
93 39 203
93 40 543
93 41 583
93 42 25
93 43 760
93 44 123
93 45 0
93 46 324
93 47 0
93 48 832
93 49 0
93 50 0
93 51 230
93 52 0
93 53 874
93 54 0
93 55 0
93 56 421
93 57 47
93 58 293
93 59 0
93 60 0
93 61 0
93 62 702
93 63 529
93 64 513
93 65 509
93 66 103
93 67 0
93 68 0
93 69 995
93 70 0
93 71 264
93 72 0
93 73 0
93 74 0
93 75 846
93 76 976
93 77 0
93 78 0
93 79 118
93 80 513
93 81 0
93 82 0
93 83 0
93 84 866
93 85 837
93 86 0
93 87 298
93 88 0
93 89 0
93 90 0
93 91 703
93 92 0
93 93 0
93 94 0
93 95 934
93 96 0
93 97 968
93 98 477
93 99 0
94 0 0
94 1 481
94 2 0
94 3 0
94 4 0
94 5 0
94 6 0
94 7 0
94 8 0
94 9 644
94 10 0
94 11 486
94 12 71
94 13 68
94 14 726
94 15 457
94 16 0
94 17 410
94 18 0
94 19 0
94 20 0
94 21 0
94 22 0
94 23 0
94 24 353
94 25 229
94 26 355
94 27 145
94 28 580
94 29 0
94 30 343
94 31 0
94 32 0
94 33 0
94 34 160
94 35 302
94 36 0
94 37 0
94 38 0
94 39 0
94 40 108
94 41 790
94 42 651
94 43 595
94 44 455
94 45 0
94 46 232
94 47 384
94 48 251
94 49 640
94 50 90
94 51 0
94 52 192
94 53 0
94 54 0
94 55 0
94 56 502
94 57 868
94 58 0
94 59 483
94 60 0
94 61 626
94 62 0
94 63 0
94 64 0
94 65 0
94 66 0
94 67 0
94 68 47
94 69 0
94 70 23
94 71 44
94 72 130
94 73 0
94 74 0
94 75 565
94 76 655
94 77 642
94 78 720
94 79 309
94 80 373
94 81 0
94 82 565
94 83 397
94 84 0
94 85 400
94 86 951
94 87 0
94 88 643
94 89 0
94 90 805
94 91 33
94 92 0
94 93 0
94 94 0
94 95 0
94 96 535
94 97 0
94 98 531
94 99 917
95 0 0
95 1 962
95 2 0
95 3 403
95 4 0
95 5 445
95 6 22
95 7 423
95 8 919
95 9 559
95 10 0
95 11 0
95 12 0
95 13 14
95 14 0
95 15 422
95 16 0
95 17 412
95 18 418
95 19 0
95 20 243
95 21 0
95 22 631
95 23 0
95 24 0
95 25 357
95 26 777
95 27 855
95 28 0
95 29 0
95 30 0
95 31 0
95 32 0
95 33 235
95 34 397
95 35 413
95 36 292
95 37 990
95 38 0
95 39 0
95 40 429
95 41 0
95 42 0
95 43 0
95 44 0
95 45 692
95 46 548
95 47 0
95 48 0
95 49 334
95 50 836
95 51 0
95 52 0
95 53 996
95 54 0
95 55 0
95 56 10
95 57 0
95 58 40
95 59 0
95 60 155
95 61 370
95 62 387
95 63 0
95 64 219
95 65 77
95 66 0
95 67 0
95 68 0
95 69 0
95 70 0
95 71 385
95 72 0
95 73 97
95 74 0
95 75 109
95 76 123
95 77 161
95 78 789
95 79 0
95 80 309
95 81 258
95 82 0
95 83 0
95 84 348
95 85 0
95 86 887
95 87 208
95 88 0
95 89 921
95 90 0
95 91 0
95 92 0
95 93 934
95 94 0
95 95 0
95 96 377
95 97 207
95 98 0
95 99 0
96 0 0
96 1 951
96 2 413
96 3 739
96 4 332
96 5 227
96 6 0
96 7 0
96 8 668
96 9 0
96 10 0
96 11 114
96 12 0
96 13 744
96 14 929
96 15 30
96 16 0
96 17 0
96 18 0
96 19 0
96 20 44
96 21 0
96 22 280
96 23 29
96 24 0
96 25 0
96 26 903
96 27 629
96 28 473
96 29 0
96 30 852
96 31 0
96 32 177
96 33 0
96 34 0
96 35 368
96 36 758
96 37 666
96 38 0
96 39 896
96 40 0
96 41 800
96 42 82
96 43 0
96 44 0
96 45 0
96 46 315
96 47 413
96 48 0
96 49 0
96 50 0
96 51 157
96 52 0
96 53 0
96 54 0
96 55 0
96 56 352
96 57 0
96 58 0
96 59 0
96 60 774
96 61 0
96 62 0
96 63 472
96 64 527
96 65 0
96 66 229
96 67 630
96 68 0
96 69 0
96 70 0
96 71 0
96 72 310
96 73 0
96 74 0
96 75 60
96 76 30
96 77 0
96 78 0
96 79 195
96 80 454
96 81 0
96 82 910
96 83 313
96 84 0
96 85 0
96 86 0
96 87 241
96 88 540
96 89 0
96 90 0
96 91 903
96 92 0
96 93 0
96 94 535
96 95 377
96 96 0
96 97 185
96 98 626
96 99 0
97 0 0
97 1 413
97 2 0
97 3 0
97 4 377
97 5 0
97 6 478
97 7 0
97 8 0
97 9 396
97 10 0
97 11 0
97 12 563
97 13 939
97 14 0
97 15 132
97 16 244
97 17 0
97 18 0
97 19 0
97 20 0
97 21 0
97 22 0
97 23 0
97 24 0
97 25 115
97 26 166
97 27 307
97 28 648
97 29 0
97 30 0
97 31 254
97 32 0
97 33 435
97 34 546
97 35 0
97 36 0
97 37 386
97 38 0
97 39 0
97 40 771
97 41 0
97 42 0
97 43 350
97 44 506
97 45 0
97 46 694
97 47 0
97 48 0
97 49 0
97 50 604
97 51 365
97 52 525
97 53 68
97 54 859
97 55 0
97 56 0
97 57 934
97 58 0
97 59 0
97 60 0
97 61 0
97 62 0
97 63 0
97 64 774
97 65 971
97 66 239
97 67 0
97 68 629
97 69 0
97 70 0
97 71 526
97 72 0
97 73 985
97 74 160
97 75 0
97 76 541
97 77 0
97 78 294
97 79 0
97 80 0
97 81 0
97 82 0
97 83 376
97 84 854
97 85 125
97 86 0
97 87 0
97 88 590
97 89 0
97 90 0
97 91 209
97 92 718
97 93 968
97 94 0
97 95 207
97 96 185
97 97 0
97 98 0
97 99 574
98 0 0
98 1 0
98 2 0
98 3 443
98 4 164
98 5 0
98 6 943
98 7 0
98 8 0
98 9 197
98 10 0
98 11 0
98 12 114
98 13 0
98 14 0
98 15 0
98 16 0
98 17 0
98 18 887
98 19 714
98 20 906
98 21 0
98 22 0
98 23 0
98 24 412
98 25 0
98 26 0
98 27 0
98 28 231
98 29 842
98 30 0
98 31 548
98 32 0
98 33 0
98 34 168
98 35 0
98 36 230
98 37 0
98 38 0
98 39 41
98 40 0
98 41 48
98 42 248
98 43 445
98 44 813
98 45 182
98 46 0
98 47 0
98 48 168
98 49 0
98 50 0
98 51 843
98 52 0
98 53 754
98 54 0
98 55 589
98 56 950
98 57 191
98 58 837
98 59 690
98 60 0
98 61 145
98 62 319
98 63 0
98 64 0
98 65 719
98 66 0
98 67 568
98 68 0
98 69 711
98 70 0
98 71 0
98 72 420
98 73 0
98 74 370
98 75 0
98 76 0
98 77 0
98 78 0
98 79 820
98 80 545
98 81 0
98 82 0
98 83 0
98 84 89
98 85 0
98 86 0
98 87 0
98 88 339
98 89 0
98 90 91
98 91 951
98 92 0
98 93 477
98 94 531
98 95 0
98 96 626
98 97 0
98 98 0
98 99 22
99 0 462
99 1 0
99 2 675
99 3 387
99 4 770
99 5 603
99 6 0
99 7 0
99 8 585
99 9 541
99 10 0
99 11 0
99 12 0
99 13 800
99 14 0
99 15 0
99 16 0
99 17 222
99 18 262
99 19 0
99 20 597
99 21 304
99 22 543
99 23 567
99 24 759
99 25 327
99 26 776
99 27 0
99 28 682
99 29 0
99 30 0
99 31 495
99 32 26
99 33 528
99 34 0
99 35 0
99 36 923
99 37 0
99 38 688
99 39 51
99 40 989
99 41 0
99 42 0
99 43 801
99 44 0
99 45 471
99 46 377
99 47 0
99 48 799
99 49 0
99 50 0
99 51 0
99 52 457
99 53 314
99 54 129
99 55 0
99 56 129
99 57 0
99 58 0
99 59 731
99 60 212
99 61 633
99 62 0
99 63 0
99 64 0
99 65 103
99 66 0
99 67 0
99 68 663
99 69 0
99 70 877
99 71 400
99 72 191
99 73 0
99 74 262
99 75 0
99 76 0
99 77 0
99 78 0
99 79 0
99 80 0
99 81 320
99 82 0
99 83 657
99 84 409
99 85 0
99 86 906
99 87 0
99 88 218
99 89 0
99 90 0
99 91 0
99 92 0
99 93 0
99 94 917
99 95 0
99 96 0
99 97 574
99 98 22
99 99 0
