30
0 0 0
0 1 0
0 2 41
0 3 33
0 4 0
0 5 0
0 6 0
0 7 30
0 8 0
0 9 0
0 10 21
0 11 0
0 12 58
0 13 72
0 14 65
0 15 0
0 16 0
0 17 0
0 18 25
0 19 0
0 20 0
0 21 43
0 22 0
0 23 45
0 24 74
0 25 0
0 26 85
0 27 0
0 28 0
0 29 0
1 0 0
1 1 0
1 2 31
1 3 0
1 4 18
1 5 0
1 6 79
1 7 90
1 8 34
1 9 0
1 10 54
1 11 15
1 12 0
1 13 0
1 14 0
1 15 42
1 16 51
1 17 0
1 18 46
1 19 0
1 20 0
1 21 92
1 22 58
1 23 44
1 24 93
1 25 0
1 26 0
1 27 0
1 28 79
1 29 86
2 0 41
2 1 31
2 2 0
2 3 30
2 4 0
2 5 0
2 6 0
2 7 0
2 8 99
2 9 0
2 10 0
2 11 97
2 12 15
2 13 63
2 14 0
2 15 40
2 16 0
2 17 89
2 18 0
2 19 0
2 20 0
2 21 83
2 22 45
2 23 0
2 24 0
2 25 0
2 26 0
2 27 85
2 28 0
2 29 27
3 0 33
3 1 0
3 2 30
3 3 0
3 4 0
3 5 0
3 6 0
3 7 0
3 8 0
3 9 63
3 10 74
3 11 0
3 12 57
3 13 39
3 14 93
3 15 0
3 16 0
3 17 0
3 18 0
3 19 54
3 20 0
3 21 41
3 22 0
3 23 66
3 24 12
3 25 0
3 26 51
3 27 0
3 28 0
3 29 0
4 0 0
4 1 18
4 2 0
4 3 0
4 4 0
4 5 28
4 6 80
4 7 0
4 8 0
4 9 0
4 10 11
4 11 60
4 12 98
4 13 84
4 14 63
4 15 39
4 16 60
4 17 26
4 18 83
4 19 0
4 20 0
4 21 74
4 22 0
4 23 0
4 24 0
4 25 93
4 26 14
4 27 0
4 28 0
4 29 0
5 0 0
5 1 0
5 2 0
5 3 0
5 4 28
5 5 0
5 6 26
5 7 18
5 8 62
5 9 0
5 10 0
5 11 37
5 12 0
5 13 0
5 14 0
5 15 0
5 16 0
5 17 0
5 18 0
5 19 58
5 20 0
5 21 0
5 22 77
5 23 94
5 24 34
5 25 0
5 26 0
5 27 54
5 28 20
5 29 41
6 0 0
6 1 79
6 2 0
6 3 0
6 4 80
6 5 26
6 6 0
6 7 73
6 8 0
6 9 0
6 10 84
6 11 0
6 12 0
6 13 39
6 14 0
6 15 0
6 16 0
6 17 0
6 18 0
6 19 17
6 20 22
6 21 86
6 22 0
6 23 79
6 24 0
6 25 26
6 26 0
6 27 100
6 28 0
6 29 44
7 0 30
7 1 90
7 2 0
7 3 0
7 4 0
7 5 18
7 6 73
7 7 0
7 8 0
7 9 0
7 10 95
7 11 45
7 12 70
7 13 0
7 14 27
7 15 0
7 16 11
7 17 0
7 18 0
7 19 60
7 20 79
7 21 0
7 22 27
7 23 94
7 24 0
7 25 76
7 26 12
7 27 84
7 28 0
7 29 0
8 0 0
8 1 34
8 2 99
8 3 0
8 4 0
8 5 62
8 6 0
8 7 0
8 8 0
8 9 73
8 10 0
8 11 39
8 12 0
8 13 21
8 14 43
8 15 81
8 16 96
8 17 0
8 18 13
8 19 0
8 20 86
8 21 25
8 22 44
8 23 77
8 24 0
8 25 0
8 26 97
8 27 0
8 28 0
8 29 0
9 0 0
9 1 0
9 2 0
9 3 63
9 4 0
9 5 0
9 6 0
9 7 0
9 8 73
9 9 0
9 10 84
9 11 75
9 12 65
9 13 0
9 14 29
9 15 0
9 16 20
9 17 15
9 18 0
9 19 0
9 20 19
9 21 32
9 22 74
9 23 0
9 24 33
9 25 65
9 26 25
9 27 0
9 28 11
9 29 0
10 0 21
10 1 54
10 2 0
10 3 74
10 4 11
10 5 0
10 6 84
10 7 95
10 8 0
10 9 84
10 10 0
10 11 0
10 12 0
10 13 0
10 14 30
10 15 56
10 16 0
10 17 39
10 18 11
10 19 0
10 20 24
10 21 0
10 22 42
10 23 93
10 24 0
10 25 0
10 26 0
10 27 0
10 28 69
10 29 0
11 0 0
11 1 15
11 2 97
11 3 0
11 4 60
11 5 37
11 6 0
11 7 45
11 8 39
11 9 75
11 10 0
11 11 0
11 12 55
11 13 52
11 14 0
11 15 0
11 16 0
11 17 91
11 18 75
11 19 51
11 20 0
11 21 48
11 22 0
11 23 32
11 24 56
11 25 10
11 26 82
11 27 0
11 28 99
11 29 0
12 0 58
12 1 0
12 2 15
12 3 57
12 4 98
12 5 0
12 6 0
12 7 70
12 8 0
12 9 65
12 10 0
12 11 55
12 12 0
12 13 83
12 14 0
12 15 0
12 16 61
12 17 0
12 18 0
12 19 0
12 20 0
12 21 57
12 22 0
12 23 80
12 24 39
12 25 0
12 26 0
12 27 65
12 28 40
12 29 82
13 0 72
13 1 0
13 2 63
13 3 39
13 4 84
13 5 0
13 6 39
13 7 0
13 8 21
13 9 0
13 10 0
13 11 52
13 12 83
13 13 0
13 14 0
13 15 86
13 16 0
13 17 37
13 18 0
13 19 27
13 20 0
13 21 0
13 22 97
13 23 0
13 24 0
13 25 57
13 26 0
13 27 0
13 28 90
13 29 99
14 0 65
14 1 0
14 2 0
14 3 93
14 4 63
14 5 0
14 6 0
14 7 27
14 8 43
14 9 29
14 10 30
14 11 0
14 12 0
14 13 0
14 14 0
14 15 0
14 16 46
14 17 0
14 18 18
14 19 84
14 20 0
14 21 0
14 22 51
14 23 36
14 24 0
14 25 12
14 26 25
14 27 0
14 28 0
14 29 64
15 0 0
15 1 42
15 2 40
15 3 0
15 4 39
15 5 0
15 6 0
15 7 0
15 8 81
15 9 0
15 10 56
15 11 0
15 12 0
15 13 86
15 14 0
15 15 0
15 16 0
15 17 87
15 18 0
15 19 0
15 20 50
15 21 57
15 22 0
15 23 53
15 24 53
15 25 0
15 26 24
15 27 0
15 28 0
15 29 46
16 0 0
16 1 51
16 2 0
16 3 0
16 4 60
16 5 0
16 6 0
16 7 11
16 8 96
16 9 20
16 10 0
16 11 0
16 12 61
16 13 0
16 14 46
16 15 0
16 16 0
16 17 0
16 18 0
16 19 0
16 20 12
16 21 65
16 22 19
16 23 0
16 24 91
16 25 0
16 26 89
16 27 90
16 28 90
16 29 77
17 0 0
17 1 0
17 2 89
17 3 0
17 4 26
17 5 0
17 6 0
17 7 0
17 8 0
17 9 15
17 10 39
17 11 91
17 12 0
17 13 37
17 14 0
17 15 87
17 16 0
17 17 0
17 18 0
17 19 0
17 20 73
17 21 0
17 22 10
17 23 0
17 24 13
17 25 37
17 26 43
17 27 67
17 28 57
17 29 0
18 0 25
18 1 46
18 2 0
18 3 0
18 4 83
18 5 0
18 6 0
18 7 0
18 8 13
18 9 0
18 10 11
18 11 75
18 12 0
18 13 0
18 14 18
18 15 0
18 16 0
18 17 0
18 18 0
18 19 0
18 20 0
18 21 0
18 22 0
18 23 19
18 24 95
18 25 22
18 26 92
18 27 0
18 28 0
18 29 0
19 0 0
19 1 0
19 2 0
19 3 54
19 4 0
19 5 58
19 6 17
19 7 60
19 8 0
19 9 0
19 10 0
19 11 51
19 12 0
19 13 27
19 14 84
19 15 0
19 16 0
19 17 0
19 18 0
19 19 0
19 20 73
19 21 21
19 22 0
19 23 42
19 24 26
19 25 25
19 26 34
19 27 22
19 28 0
19 29 58
20 0 0
20 1 0
20 2 0
20 3 0
20 4 0
20 5 0
20 6 22
20 7 79
20 8 86
20 9 19
20 10 24
20 11 0
20 12 0
20 13 0
20 14 0
20 15 50
20 16 12
20 17 73
20 18 0
20 19 73
20 20 0
20 21 0
20 22 81
20 23 0
20 24 0
20 25 83
20 26 20
20 27 14
20 28 0
20 29 0
21 0 43
21 1 92
21 2 83
21 3 41
21 4 74
21 5 0
21 6 86
21 7 0
21 8 25
21 9 32
21 10 0
21 11 48
21 12 57
21 13 0
21 14 0
21 15 57
21 16 65
21 17 0
21 18 0
21 19 21
21 20 0
21 21 0
21 22 0
21 23 0
21 24 24
21 25 0
21 26 0
21 27 14
21 28 0
21 29 0
22 0 0
22 1 58
22 2 45
22 3 0
22 4 0
22 5 77
22 6 0
22 7 27
22 8 44
22 9 74
22 10 42
22 11 0
22 12 0
22 13 97
22 14 51
22 15 0
22 16 19
22 17 10
22 18 0
22 19 0
22 20 81
22 21 0
22 22 0
22 23 0
22 24 34
22 25 0
22 26 0
22 27 70
22 28 45
22 29 37
23 0 45
23 1 44
23 2 0
23 3 66
23 4 0
23 5 94
23 6 79
23 7 94
23 8 77
23 9 0
23 10 93
23 11 32
23 12 80
23 13 0
23 14 36
23 15 53
23 16 0
23 17 0
23 18 19
23 19 42
23 20 0
23 21 0
23 22 0
23 23 0
23 24 49
23 25 0
23 26 60
23 27 59
23 28 59
23 29 0
24 0 74
24 1 93
24 2 0
24 3 12
24 4 0
24 5 34
24 6 0
24 7 0
24 8 0
24 9 33
24 10 0
24 11 56
24 12 39
24 13 0
24 14 0
24 15 53
24 16 91
24 17 13
24 18 95
24 19 26
24 20 0
24 21 24
24 22 34
24 23 49
24 24 0
24 25 0
24 26 0
24 27 0
24 28 0
24 29 24
25 0 0
25 1 0
25 2 0
25 3 0
25 4 93
25 5 0
25 6 26
25 7 76
25 8 0
25 9 65
25 10 0
25 11 10
25 12 0
25 13 57
25 14 12
25 15 0
25 16 0
25 17 37
25 18 22
25 19 25
25 20 83
25 21 0
25 22 0
25 23 0
25 24 0
25 25 0
25 26 0
25 27 0
25 28 0
25 29 70
26 0 85
26 1 0
26 2 0
26 3 51
26 4 14
26 5 0
26 6 0
26 7 12
26 8 97
26 9 25
26 10 0
26 11 82
26 12 0
26 13 0
26 14 25
26 15 24
26 16 89
26 17 43
26 18 92
26 19 34
26 20 20
26 21 0
26 22 0
26 23 60
26 24 0
26 25 0
26 26 0
26 27 0
26 28 0
26 29 81
27 0 0
27 1 0
27 2 85
27 3 0
27 4 0
27 5 54
27 6 100
27 7 84
27 8 0
27 9 0
27 10 0
27 11 0
27 12 65
27 13 0
27 14 0
27 15 0
27 16 90
27 17 67
27 18 0
27 19 22
27 20 14
27 21 14
27 22 70
27 23 59
27 24 0
27 25 0
27 26 0
27 27 0
27 28 0
27 29 0
28 0 0
28 1 79
28 2 0
28 3 0
28 4 0
28 5 20
28 6 0
28 7 0
28 8 0
28 9 11
28 10 69
28 11 99
28 12 40
28 13 90
28 14 0
28 15 0
28 16 90
28 17 57
28 18 0
28 19 0
28 20 0
28 21 0
28 22 45
28 23 59
28 24 0
28 25 0
28 26 0
28 27 0
28 28 0
28 29 93
29 0 0
29 1 86
29 2 27
29 3 0
29 4 0
29 5 41
29 6 44
29 7 0
29 8 0
29 9 0
29 10 0
29 11 0
29 12 82
29 13 99
29 14 64
29 15 46
29 16 77
29 17 0
29 18 0
29 19 58
29 20 0
29 21 0
29 22 37
29 23 0
29 24 24
29 25 70
29 26 81
29 27 0
29 28 93
29 29 0
