40
0 0 0
0 1 0
0 2 0
0 3 59
0 4 77
0 5 0
0 6 69
0 7 78
0 8 34
0 9 0
0 10 56
0 11 0
0 12 0
0 13 22
0 14 88
0 15 84
0 16 0
0 17 0
0 18 0
0 19 0
0 20 83
0 21 47
0 22 61
0 23 25
0 24 91
0 25 33
0 26 0
0 27 0
0 28 0
0 29 87
0 30 98
0 31 82
0 32 0
0 33 40
0 34 0
0 35 0
0 36 61
0 37 26
0 38 70
0 39 94
1 0 0
1 1 0
1 2 68
1 3 37
1 4 24
1 5 0
1 6 28
1 7 0
1 8 0
1 9 86
1 10 0
1 11 0
1 12 36
1 13 39
1 14 0
1 15 0
1 16 16
1 17 34
1 18 85
1 19 76
1 20 91
1 21 78
1 22 22
1 23 0
1 24 81
1 25 0
1 26 0
1 27 0
1 28 0
1 29 0
1 30 0
1 31 0
1 32 65
1 33 72
1 34 93
1 35 36
1 36 0
1 37 0
1 38 62
1 39 80
2 0 0
2 1 68
2 2 0
2 3 0
2 4 29
2 5 0
2 6 38
2 7 39
2 8 0
2 9 30
2 10 71
2 11 0
2 12 55
2 13 83
2 14 21
2 15 35
2 16 0
2 17 0
2 18 0
2 19 69
2 20 0
2 21 0
2 22 26
2 23 0
2 24 24
2 25 0
2 26 0
2 27 0
2 28 0
2 29 0
2 30 0
2 31 0
2 32 0
2 33 0
2 34 0
2 35 0
2 36 51
2 37 0
2 38 33
2 39 25
3 0 59
3 1 37
3 2 0
3 3 0
3 4 35
3 5 88
3 6 75
3 7 49
3 8 0
3 9 0
3 10 56
3 11 0
3 12 16
3 13 49
3 14 0
3 15 75
3 16 0
3 17 0
3 18 0
3 19 0
3 20 61
3 21 28
3 22 0
3 23 0
3 24 99
3 25 0
3 26 0
3 27 48
3 28 27
3 29 95
3 30 0
3 31 0
3 32 0
3 33 0
3 34 45
3 35 0
3 36 39
3 37 0
3 38 56
3 39 0
4 0 77
4 1 24
4 2 29
4 3 35
4 4 0
4 5 33
4 6 0
4 7 0
4 8 0
4 9 0
4 10 0
4 11 0
4 12 0
4 13 0
4 14 0
4 15 0
4 16 16
4 17 39
4 18 0
4 19 0
4 20 85
4 21 0
4 22 18
4 23 72
4 24 93
4 25 76
4 26 58
4 27 0
4 28 0
4 29 0
4 30 0
4 31 0
4 32 74
4 33 0
4 34 28
4 35 92
4 36 64
4 37 0
4 38 0
4 39 74
5 0 0
5 1 0
5 2 0
5 3 88
5 4 33
5 5 0
5 6 0
5 7 0
5 8 0
5 9 99
5 10 0
5 11 42
5 12 52
5 13 0
5 14 21
5 15 0
5 16 0
5 17 27
5 18 0
5 19 64
5 20 0
5 21 0
5 22 0
5 23 83
5 24 0
5 25 0
5 26 18
5 27 0
5 28 0
5 29 0
5 30 0
5 31 0
5 32 47
5 33 0
5 34 85
5 35 0
5 36 0
5 37 0
5 38 39
5 39 0
6 0 69
6 1 28
6 2 38
6 3 75
6 4 0
6 5 0
6 6 0
6 7 0
6 8 0
6 9 0
6 10 0
6 11 90
6 12 0
6 13 86
6 14 98
6 15 0
6 16 0
6 17 62
6 18 10
6 19 93
6 20 50
6 21 36
6 22 0
6 23 69
6 24 0
6 25 16
6 26 0
6 27 48
6 28 0
6 29 50
6 30 54
6 31 10
6 32 47
6 33 0
6 34 0
6 35 0
6 36 0
6 37 0
6 38 87
6 39 0
7 0 78
7 1 0
7 2 39
7 3 49
7 4 0
7 5 0
7 6 0
7 7 0
7 8 37
7 9 14
7 10 83
7 11 73
7 12 76
7 13 0
7 14 16
7 15 33
7 16 0
7 17 0
7 18 58
7 19 0
7 20 24
7 21 31
7 22 0
7 23 0
7 24 77
7 25 0
7 26 34
7 27 0
7 28 0
7 29 0
7 30 91
7 31 92
7 32 22
7 33 81
7 34 33
7 35 56
7 36 58
7 37 71
7 38 0
7 39 0
8 0 34
8 1 0
8 2 0
8 3 0
8 4 0
8 5 0
8 6 0
8 7 37
8 8 0
8 9 0
8 10 79
8 11 0
8 12 0
8 13 0
8 14 57
8 15 91
8 16 0
8 17 0
8 18 88
8 19 0
8 20 91
8 21 92
8 22 0
8 23 43
8 24 35
8 25 38
8 26 29
8 27 89
8 28 0
8 29 30
8 30 85
8 31 0
8 32 88
8 33 42
8 34 82
8 35 0
8 36 0
8 37 97
8 38 0
8 39 0
9 0 0
9 1 86
9 2 30
9 3 0
9 4 0
9 5 99
9 6 0
9 7 14
9 8 0
9 9 0
9 10 0
9 11 0
9 12 55
9 13 0
9 14 0
9 15 94
9 16 0
9 17 0
9 18 0
9 19 29
9 20 73
9 21 21
9 22 0
9 23 0
9 24 51
9 25 63
9 26 11
9 27 0
9 28 48
9 29 35
9 30 88
9 31 80
9 32 61
9 33 0
9 34 0
9 35 59
9 36 42
9 37 0
9 38 21
9 39 0
10 0 56
10 1 0
10 2 71
10 3 56
10 4 0
10 5 0
10 6 0
10 7 83
10 8 79
10 9 0
10 10 0
10 11 45
10 12 0
10 13 0
10 14 37
10 15 0
10 16 0
10 17 0
10 18 49
10 19 0
10 20 71
10 21 35
10 22 63
10 23 0
10 24 0
10 25 0
10 26 0
10 27 29
10 28 73
10 29 19
10 30 0
10 31 0
10 32 75
10 33 0
10 34 42
10 35 40
10 36 38
10 37 0
10 38 42
10 39 0
11 0 0
11 1 0
11 2 0
11 3 0
11 4 0
11 5 42
11 6 90
11 7 73
11 8 0
11 9 0
11 10 45
11 11 0
11 12 42
11 13 0
11 14 0
11 15 68
11 16 73
11 17 0
11 18 99
11 19 32
11 20 0
11 21 15
11 22 0
11 23 0
11 24 0
11 25 41
11 26 62
11 27 0
11 28 36
11 29 0
11 30 0
11 31 39
11 32 72
11 33 0
11 34 73
11 35 0
11 36 87
11 37 80
11 38 0
11 39 0
12 0 0
12 1 36
12 2 55
12 3 16
12 4 0
12 5 52
12 6 0
12 7 76
12 8 0
12 9 55
12 10 0
12 11 42
12 12 0
12 13 28
12 14 22
12 15 97
12 16 66
12 17 85
12 18 0
12 19 81
12 20 0
12 21 0
12 22 0
12 23 54
12 24 0
12 25 0
12 26 0
12 27 99
12 28 0
12 29 0
12 30 0
12 31 0
12 32 0
12 33 0
12 34 35
12 35 94
12 36 0
12 37 29
12 38 0
12 39 92
13 0 22
13 1 39
13 2 83
13 3 49
13 4 0
13 5 0
13 6 86
13 7 0
13 8 0
13 9 0
13 10 0
13 11 0
13 12 28
13 13 0
13 14 0
13 15 51
13 16 0
13 17 52
13 18 82
13 19 36
13 20 0
13 21 0
13 22 0
13 23 95
13 24 0
13 25 51
13 26 0
13 27 26
13 28 31
13 29 0
13 30 25
13 31 91
13 32 0
13 33 28
13 34 0
13 35 0
13 36 16
13 37 0
13 38 43
13 39 94
14 0 88
14 1 0
14 2 21
14 3 0
14 4 0
14 5 21
14 6 98
14 7 16
14 8 57
14 9 0
14 10 37
14 11 0
14 12 22
14 13 0
14 14 0
14 15 83
14 16 87
14 17 0
14 18 80
14 19 41
14 20 87
14 21 35
14 22 73
14 23 0
14 24 0
14 25 15
14 26 0
14 27 94
14 28 72
14 29 0
14 30 22
14 31 76
14 32 89
14 33 0
14 34 0
14 35 79
14 36 0
14 37 12
14 38 0
14 39 59
15 0 84
15 1 0
15 2 35
15 3 75
15 4 0
15 5 0
15 6 0
15 7 33
15 8 91
15 9 94
15 10 0
15 11 68
15 12 97
15 13 51
15 14 83
15 15 0
15 16 0
15 17 39
15 18 0
15 19 36
15 20 92
15 21 0
15 22 0
15 23 0
15 24 60
15 25 55
15 26 71
15 27 15
15 28 0
15 29 0
15 30 0
15 31 0
15 32 94
15 33 0
15 34 41
15 35 0
15 36 12
15 37 86
15 38 42
15 39 86
16 0 0
16 1 16
16 2 0
16 3 0
16 4 16
16 5 0
16 6 0
16 7 0
16 8 0
16 9 0
16 10 0
16 11 73
16 12 66
16 13 0
16 14 87
16 15 0
16 16 0
16 17 0
16 18 0
16 19 23
16 20 19
16 21 34
16 22 81
16 23 65
16 24 0
16 25 0
16 26 76
16 27 0
16 28 0
16 29 33
16 30 0
16 31 99
16 32 29
16 33 10
16 34 66
16 35 69
16 36 0
16 37 0
16 38 41
16 39 0
17 0 0
17 1 34
17 2 0
17 3 0
17 4 39
17 5 27
17 6 62
17 7 0
17 8 0
17 9 0
17 10 0
17 11 0
17 12 85
17 13 52
17 14 0
17 15 39
17 16 0
17 17 0
17 18 39
17 19 0
17 20 0
17 21 0
17 22 0
17 23 0
17 24 67
17 25 0
17 26 0
17 27 0
17 28 0
17 29 0
17 30 13
17 31 72
17 32 38
17 33 62
17 34 0
17 35 81
17 36 55
17 37 0
17 38 0
17 39 16
18 0 0
18 1 85
18 2 0
18 3 0
18 4 0
18 5 0
18 6 10
18 7 58
18 8 88
18 9 0
18 10 49
18 11 99
18 12 0
18 13 82
18 14 80
18 15 0
18 16 0
18 17 39
18 18 0
18 19 43
18 20 91
18 21 0
18 22 93
18 23 34
18 24 71
18 25 27
18 26 65
18 27 0
18 28 84
18 29 0
18 30 0
18 31 91
18 32 45
18 33 94
18 34 0
18 35 0
18 36 0
18 37 0
18 38 45
18 39 0
19 0 0
19 1 76
19 2 69
19 3 0
19 4 0
19 5 64
19 6 93
19 7 0
19 8 0
19 9 29
19 10 0
19 11 32
19 12 81
19 13 36
19 14 41
19 15 36
19 16 23
19 17 0
19 18 43
19 19 0
19 20 75
19 21 0
19 22 93
19 23 0
19 24 76
19 25 0
19 26 0
19 27 0
19 28 97
19 29 75
19 30 12
19 31 0
19 32 0
19 33 0
19 34 42
19 35 0
19 36 0
19 37 0
19 38 0
19 39 69
20 0 83
20 1 91
20 2 0
20 3 61
20 4 85
20 5 0
20 6 50
20 7 24
20 8 91
20 9 73
20 10 71
20 11 0
20 12 0
20 13 0
20 14 87
20 15 92
20 16 19
20 17 0
20 18 91
20 19 75
20 20 0
20 21 0
20 22 0
20 23 73
20 24 63
20 25 0
20 26 0
20 27 11
20 28 0
20 29 0
20 30 0
20 31 29
20 32 0
20 33 0
20 34 22
20 35 89
20 36 89
20 37 62
20 38 66
20 39 99
21 0 47
21 1 78
21 2 0
21 3 28
21 4 0
21 5 0
21 6 36
21 7 31
21 8 92
21 9 21
21 10 35
21 11 15
21 12 0
21 13 0
21 14 35
21 15 0
21 16 34
21 17 0
21 18 0
21 19 0
21 20 0
21 21 0
21 22 0
21 23 0
21 24 93
21 25 0
21 26 0
21 27 27
21 28 0
21 29 0
21 30 71
21 31 76
21 32 0
21 33 0
21 34 0
21 35 0
21 36 0
21 37 34
21 38 0
21 39 10
22 0 61
22 1 22
22 2 26
22 3 0
22 4 18
22 5 0
22 6 0
22 7 0
22 8 0
22 9 0
22 10 63
22 11 0
22 12 0
22 13 0
22 14 73
22 15 0
22 16 81
22 17 0
22 18 93
22 19 93
22 20 0
22 21 0
22 22 0
22 23 0
22 24 0
22 25 51
22 26 71
22 27 0
22 28 71
22 29 0
22 30 0
22 31 0
22 32 0
22 33 21
22 34 21
22 35 54
22 36 93
22 37 13
22 38 0
22 39 40
23 0 25
23 1 0
23 2 0
23 3 0
23 4 72
23 5 83
23 6 69
23 7 0
23 8 43
23 9 0
23 10 0
23 11 0
23 12 54
23 13 95
23 14 0
23 15 0
23 16 65
23 17 0
23 18 34
23 19 0
23 20 73
23 21 0
23 22 0
23 23 0
23 24 0
23 25 31
23 26 13
23 27 0
23 28 25
23 29 0
23 30 0
23 31 0
23 32 34
23 33 0
23 34 0
23 35 96
23 36 0
23 37 30
23 38 32
23 39 79
24 0 91
24 1 81
24 2 24
24 3 99
24 4 93
24 5 0
24 6 0
24 7 77
24 8 35
24 9 51
24 10 0
24 11 0
24 12 0
24 13 0
24 14 0
24 15 60
24 16 0
24 17 67
24 18 71
24 19 76
24 20 63
24 21 93
24 22 0
24 23 0
24 24 0
24 25 0
24 26 0
24 27 46
24 28 0
24 29 0
24 30 12
24 31 26
24 32 0
24 33 62
24 34 0
24 35 0
24 36 85
24 37 22
24 38 0
24 39 22
25 0 33
25 1 0
25 2 0
25 3 0
25 4 76
25 5 0
25 6 16
25 7 0
25 8 38
25 9 63
25 10 0
25 11 41
25 12 0
25 13 51
25 14 15
25 15 55
25 16 0
25 17 0
25 18 27
25 19 0
25 20 0
25 21 0
25 22 51
25 23 31
25 24 0
25 25 0
25 26 76
25 27 0
25 28 0
25 29 0
25 30 59
25 31 46
25 32 0
25 33 86
25 34 61
25 35 84
25 36 0
25 37 40
25 38 0
25 39 0
26 0 0
26 1 0
26 2 0
26 3 0
26 4 58
26 5 18
26 6 0
26 7 34
26 8 29
26 9 11
26 10 0
26 11 62
26 12 0
26 13 0
26 14 0
26 15 71
26 16 76
26 17 0
26 18 65
26 19 0
26 20 0
26 21 0
26 22 71
26 23 13
26 24 0
26 25 76
26 26 0
26 27 93
26 28 33
26 29 0
26 30 0
26 31 0
26 32 35
26 33 0
26 34 0
26 35 24
26 36 92
26 37 0
26 38 0
26 39 80
27 0 0
27 1 0
27 2 0
27 3 48
27 4 0
27 5 0
27 6 48
27 7 0
27 8 89
27 9 0
27 10 29
27 11 0
27 12 99
27 13 26
27 14 94
27 15 15
27 16 0
27 17 0
27 18 0
27 19 0
27 20 11
27 21 27
27 22 0
27 23 0
27 24 46
27 25 0
27 26 93
27 27 0
27 28 91
27 29 99
27 30 66
27 31 0
27 32 0
27 33 40
27 34 10
27 35 25
27 36 15
27 37 81
27 38 0
27 39 43
28 0 0
28 1 0
28 2 0
28 3 27
28 4 0
28 5 0
28 6 0
28 7 0
28 8 0
28 9 48
28 10 73
28 11 36
28 12 0
28 13 31
28 14 72
28 15 0
28 16 0
28 17 0
28 18 84
28 19 97
28 20 0
28 21 0
28 22 71
28 23 25
28 24 0
28 25 0
28 26 33
28 27 91
28 28 0
28 29 55
28 30 33
28 31 26
28 32 0
28 33 0
28 34 86
28 35 55
28 36 12
28 37 0
28 38 0
28 39 45
29 0 87
29 1 0
29 2 0
29 3 95
29 4 0
29 5 0
29 6 50
29 7 0
29 8 30
29 9 35
29 10 19
29 11 0
29 12 0
29 13 0
29 14 0
29 15 0
29 16 33
29 17 0
29 18 0
29 19 75
29 20 0
29 21 0
29 22 0
29 23 0
29 24 0
29 25 0
29 26 0
29 27 99
29 28 55
29 29 0
29 30 0
29 31 33
29 32 83
29 33 0
29 34 0
29 35 42
29 36 0
29 37 0
29 38 0
29 39 0
30 0 98
30 1 0
30 2 0
30 3 0
30 4 0
30 5 0
30 6 54
30 7 91
30 8 85
30 9 88
30 10 0
30 11 0
30 12 0
30 13 25
30 14 22
30 15 0
30 16 0
30 17 13
30 18 0
30 19 12
30 20 0
30 21 71
30 22 0
30 23 0
30 24 12
30 25 59
30 26 0
30 27 66
30 28 33
30 29 0
30 30 0
30 31 0
30 32 42
30 33 0
30 34 0
30 35 11
30 36 0
30 37 0
30 38 27
30 39 96
31 0 82
31 1 0
31 2 0
31 3 0
31 4 0
31 5 0
31 6 10
31 7 92
31 8 0
31 9 80
31 10 0
31 11 39
31 12 0
31 13 91
31 14 76
31 15 0
31 16 99
31 17 72
31 18 91
31 19 0
31 20 29
31 21 76
31 22 0
31 23 0
31 24 26
31 25 46
31 26 0
31 27 0
31 28 26
31 29 33
31 30 0
31 31 0
31 32 37
31 33 21
31 34 77
31 35 0
31 36 41
31 37 0
31 38 0
31 39 36
32 0 0
32 1 65
32 2 0
32 3 0
32 4 74
32 5 47
32 6 47
32 7 22
32 8 88
32 9 61
32 10 75
32 11 72
32 12 0
32 13 0
32 14 89
32 15 94
32 16 29
32 17 38
32 18 45
32 19 0
32 20 0
32 21 0
32 22 0
32 23 34
32 24 0
32 25 0
32 26 35
32 27 0
32 28 0
32 29 83
32 30 42
32 31 37
32 32 0
32 33 0
32 34 46
32 35 42
32 36 57
32 37 0
32 38 0
32 39 30
33 0 40
33 1 72
33 2 0
33 3 0
33 4 0
33 5 0
33 6 0
33 7 81
33 8 42
33 9 0
33 10 0
33 11 0
33 12 0
33 13 28
33 14 0
33 15 0
33 16 10
33 17 62
33 18 94
33 19 0
33 20 0
33 21 0
33 22 21
33 23 0
33 24 62
33 25 86
33 26 0
33 27 40
33 28 0
33 29 0
33 30 0
33 31 21
33 32 0
33 33 0
33 34 0
33 35 36
33 36 51
33 37 29
33 38 64
33 39 97
34 0 0
34 1 93
34 2 0
34 3 45
34 4 28
34 5 85
34 6 0
34 7 33
34 8 82
34 9 0
34 10 42
34 11 73
34 12 35
34 13 0
34 14 0
34 15 41
34 16 66
34 17 0
34 18 0
34 19 42
34 20 22
34 21 0
34 22 21
34 23 0
34 24 0
34 25 61
34 26 0
34 27 10
34 28 86
34 29 0
34 30 0
34 31 77
34 32 46
34 33 0
34 34 0
34 35 76
34 36 0
34 37 0
34 38 36
34 39 89
35 0 0
35 1 36
35 2 0
35 3 0
35 4 92
35 5 0
35 6 0
35 7 56
35 8 0
35 9 59
35 10 40
35 11 0
35 12 94
35 13 0
35 14 79
35 15 0
35 16 69
35 17 81
35 18 0
35 19 0
35 20 89
35 21 0
35 22 54
35 23 96
35 24 0
35 25 84
35 26 24
35 27 25
35 28 55
35 29 42
35 30 11
35 31 0
35 32 42
35 33 36
35 34 76
35 35 0
35 36 0
35 37 87
35 38 0
35 39 0
36 0 61
36 1 0
36 2 51
36 3 39
36 4 64
36 5 0
36 6 0
36 7 58
36 8 0
36 9 42
36 10 38
36 11 87
36 12 0
36 13 16
36 14 0
36 15 12
36 16 0
36 17 55
36 18 0
36 19 0
36 20 89
36 21 0
36 22 93
36 23 0
36 24 85
36 25 0
36 26 92
36 27 15
36 28 12
36 29 0
36 30 0
36 31 41
36 32 57
36 33 51
36 34 0
36 35 0
36 36 0
36 37 0
36 38 0
36 39 41
37 0 26
37 1 0
37 2 0
37 3 0
37 4 0
37 5 0
37 6 0
37 7 71
37 8 97
37 9 0
37 10 0
37 11 80
37 12 29
37 13 0
37 14 12
37 15 86
37 16 0
37 17 0
37 18 0
37 19 0
37 20 62
37 21 34
37 22 13
37 23 30
37 24 22
37 25 40
37 26 0
37 27 81
37 28 0
37 29 0
37 30 0
37 31 0
37 32 0
37 33 29
37 34 0
37 35 87
37 36 0
37 37 0
37 38 0
37 39 78
38 0 70
38 1 62
38 2 33
38 3 56
38 4 0
38 5 39
38 6 87
38 7 0
38 8 0
38 9 21
38 10 42
38 11 0
38 12 0
38 13 43
38 14 0
38 15 42
38 16 41
38 17 0
38 18 45
38 19 0
38 20 66
38 21 0
38 22 0
38 23 32
38 24 0
38 25 0
38 26 0
38 27 0
38 28 0
38 29 0
38 30 27
38 31 0
38 32 0
38 33 64
38 34 36
38 35 0
38 36 0
38 37 0
38 38 0
38 39 0
39 0 94
39 1 80
39 2 25
39 3 0
39 4 74
39 5 0
39 6 0
39 7 0
39 8 0
39 9 0
39 10 0
39 11 0
39 12 92
39 13 94
39 14 59
39 15 86
39 16 0
39 17 16
39 18 0
39 19 69
39 20 99
39 21 10
39 22 40
39 23 79
39 24 22
39 25 0
39 26 80
39 27 43
39 28 45
39 29 0
39 30 96
39 31 36
39 32 30
39 33 97
39 34 89
39 35 0
39 36 41
39 37 78
39 38 0
39 39 0
