50
0 0 0
0 1 57
0 2 79
0 3 67
0 4 35
0 5 96
0 6 81
0 7 10
0 8 59
0 9 81
0 10 90
0 11 29
0 12 25
0 13 38
0 14 59
0 15 29
0 16 53
0 17 80
0 18 81
0 19 23
0 20 66
0 21 68
0 22 86
0 23 12
0 24 30
0 25 32
0 26 15
0 27 55
0 28 87
0 29 60
0 30 24
0 31 42
0 32 84
0 33 78
0 34 54
0 35 98
0 36 29
0 37 44
0 38 82
0 39 70
0 40 23
0 41 39
0 42 24
0 43 87
0 44 50
0 45 71
0 46 98
0 47 38
0 48 69
0 49 36
1 0 57
1 1 0
1 2 39
1 3 30
1 4 51
1 5 96
1 6 73
1 7 20
1 8 36
1 9 67
1 10 21
1 11 46
1 12 83
1 13 64
1 14 89
1 15 68
1 16 86
1 17 42
1 18 17
1 19 89
1 20 58
1 21 95
1 22 32
1 23 23
1 24 76
1 25 45
1 26 10
1 27 58
1 28 58
1 29 69
1 30 61
1 31 44
1 32 99
1 33 49
1 34 51
1 35 77
1 36 67
1 37 31
1 38 84
1 39 49
1 40 97
1 41 17
1 42 84
1 43 29
1 44 76
1 45 80
1 46 65
1 47 38
1 48 21
1 49 37
2 0 79
2 1 39
2 2 0
2 3 74
2 4 48
2 5 43
2 6 99
2 7 72
2 8 40
2 9 61
2 10 76
2 11 49
2 12 12
2 13 10
2 14 95
2 15 71
2 16 97
2 17 93
2 18 89
2 19 44
2 20 30
2 21 80
2 22 42
2 23 15
2 24 11
2 25 75
2 26 31
2 27 22
2 28 30
2 29 22
2 30 82
2 31 58
2 32 31
2 33 11
2 34 42
2 35 38
2 36 44
2 37 79
2 38 28
2 39 30
2 40 94
2 41 78
2 42 13
2 43 30
2 44 11
2 45 80
2 46 86
2 47 53
2 48 26
2 49 19
3 0 67
3 1 30
3 2 74
3 3 0
3 4 21
3 5 87
3 6 26
3 7 80
3 8 58
3 9 23
3 10 99
3 11 43
3 12 56
3 13 57
3 14 97
3 15 10
3 16 56
3 17 34
3 18 97
3 19 14
3 20 68
3 21 38
3 22 13
3 23 97
3 24 35
3 25 32
3 26 33
3 27 90
3 28 67
3 29 35
3 30 68
3 31 76
3 32 59
3 33 91
3 34 56
3 35 75
3 36 30
3 37 58
3 38 78
3 39 47
3 40 67
3 41 73
3 42 93
3 43 23
3 44 95
3 45 45
3 46 64
3 47 45
3 48 47
3 49 38
4 0 35
4 1 51
4 2 48
4 3 21
4 4 0
4 5 90
4 6 72
4 7 43
4 8 95
4 9 31
4 10 26
4 11 62
4 12 99
4 13 42
4 14 66
4 15 29
4 16 96
4 17 68
4 18 77
4 19 41
4 20 95
4 21 92
4 22 79
4 23 71
4 24 37
4 25 84
4 26 50
4 27 22
4 28 76
4 29 78
4 30 65
4 31 75
4 32 49
4 33 39
4 34 63
4 35 32
4 36 60
4 37 38
4 38 97
4 39 90
4 40 77
4 41 50
4 42 10
4 43 51
4 44 25
4 45 12
4 46 90
4 47 88
4 48 99
4 49 82
5 0 96
5 1 96
5 2 43
5 3 87
5 4 90
5 5 0
5 6 47
5 7 26
5 8 27
5 9 73
5 10 59
5 11 94
5 12 72
5 13 12
5 14 62
5 15 59
5 16 29
5 17 56
5 18 67
5 19 85
5 20 39
5 21 34
5 22 62
5 23 18
5 24 10
5 25 45
5 26 60
5 27 14
5 28 96
5 29 77
5 30 98
5 31 69
5 32 58
5 33 35
5 34 11
5 35 43
5 36 16
5 37 76
5 38 23
5 39 25
5 40 69
5 41 66
5 42 55
5 43 28
5 44 20
5 45 78
5 46 56
5 47 42
5 48 81
5 49 40
6 0 81
6 1 73
6 2 99
6 3 26
6 4 72
6 5 47
6 6 0
6 7 99
6 8 72
6 9 61
6 10 16
6 11 48
6 12 88
6 13 43
6 14 47
6 15 77
6 16 12
6 17 68
6 18 68
6 19 82
6 20 68
6 21 88
6 22 97
6 23 34
6 24 85
6 25 52
6 26 32
6 27 35
6 28 87
6 29 41
6 30 17
6 31 100
6 32 19
6 33 87
6 34 65
6 35 57
6 36 63
6 37 63
6 38 81
6 39 80
6 40 52
6 41 85
6 42 85
6 43 82
6 44 55
6 45 27
6 46 93
6 47 56
6 48 36
6 49 85
7 0 10
7 1 20
7 2 72
7 3 80
7 4 43
7 5 26
7 6 99
7 7 0
7 8 49
7 9 80
7 10 76
7 11 46
7 12 99
7 13 39
7 14 29
7 15 88
7 16 62
7 17 77
7 18 63
7 19 58
7 20 90
7 21 58
7 22 95
7 23 37
7 24 47
7 25 28
7 26 56
7 27 34
7 28 80
7 29 60
7 30 10
7 31 19
7 32 99
7 33 93
7 34 92
7 35 33
7 36 48
7 37 10
7 38 96
7 39 37
7 40 58
7 41 66
7 42 56
7 43 57
7 44 45
7 45 64
7 46 66
7 47 24
7 48 59
7 49 69
8 0 59
8 1 36
8 2 40
8 3 58
8 4 95
8 5 27
8 6 72
8 7 49
8 8 0
8 9 38
8 10 77
8 11 91
8 12 38
8 13 96
8 14 11
8 15 51
8 16 28
8 17 77
8 18 96
8 19 68
8 20 72
8 21 85
8 22 91
8 23 39
8 24 69
8 25 53
8 26 79
8 27 18
8 28 15
8 29 40
8 30 99
8 31 63
8 32 68
8 33 36
8 34 61
8 35 32
8 36 96
8 37 54
8 38 67
8 39 27
8 40 52
8 41 92
8 42 97
8 43 23
8 44 78
8 45 62
8 46 54
8 47 83
8 48 85
8 49 16
9 0 81
9 1 67
9 2 61
9 3 23
9 4 31
9 5 73
9 6 61
9 7 80
9 8 38
9 9 0
9 10 31
9 11 55
9 12 36
9 13 75
9 14 22
9 15 26
9 16 59
9 17 41
9 18 20
9 19 42
9 20 98
9 21 98
9 22 20
9 23 89
9 24 66
9 25 77
9 26 66
9 27 64
9 28 45
9 29 57
9 30 90
9 31 74
9 32 64
9 33 84
9 34 19
9 35 69
9 36 19
9 37 42
9 38 91
9 39 67
9 40 64
9 41 91
9 42 13
9 43 30
9 44 63
9 45 53
9 46 82
9 47 83
9 48 10
9 49 80
10 0 90
10 1 21
10 2 76
10 3 99
10 4 26
10 5 59
10 6 16
10 7 76
10 8 77
10 9 31
10 10 0
10 11 49
10 12 31
10 13 62
10 14 97
10 15 40
10 16 94
10 17 89
10 18 21
10 19 31
10 20 92
10 21 59
10 22 79
10 23 60
10 24 19
10 25 74
10 26 44
10 27 62
10 28 19
10 29 44
10 30 16
10 31 34
10 32 64
10 33 70
10 34 60
10 35 88
10 36 17
10 37 30
10 38 18
10 39 23
10 40 94
10 41 12
10 42 43
10 43 13
10 44 64
10 45 70
10 46 50
10 47 52
10 48 78
10 49 46
11 0 29
11 1 46
11 2 49
11 3 43
11 4 62
11 5 94
11 6 48
11 7 46
11 8 91
11 9 55
11 10 49
11 11 0
11 12 30
11 13 91
11 14 66
11 15 58
11 16 67
11 17 71
11 18 73
11 19 55
11 20 43
11 21 12
11 22 32
11 23 66
11 24 97
11 25 20
11 26 24
11 27 29
11 28 13
11 29 26
11 30 85
11 31 98
11 32 62
11 33 42
11 34 80
11 35 27
11 36 41
11 37 50
11 38 52
11 39 85
11 40 61
11 41 81
11 42 82
11 43 38
11 44 71
11 45 50
11 46 26
11 47 61
11 48 53
11 49 55
12 0 25
12 1 83
12 2 12
12 3 56
12 4 99
12 5 72
12 6 88
12 7 99
12 8 38
12 9 36
12 10 31
12 11 30
12 12 0
12 13 23
12 14 63
12 15 63
12 16 74
12 17 58
12 18 96
12 19 95
12 20 48
12 21 100
12 22 55
12 23 93
12 24 42
12 25 94
12 26 37
12 27 28
12 28 85
12 29 51
12 30 74
12 31 77
12 32 48
12 33 46
12 34 33
12 35 56
12 36 68
12 37 26
12 38 67
12 39 84
12 40 16
12 41 37
12 42 83
12 43 29
12 44 60
12 45 47
12 46 30
12 47 44
12 48 20
12 49 92
13 0 38
13 1 64
13 2 10
13 3 57
13 4 42
13 5 12
13 6 43
13 7 39
13 8 96
13 9 75
13 10 62
13 11 91
13 12 23
13 13 0
13 14 53
13 15 10
13 16 92
13 17 63
13 18 64
13 19 29
13 20 99
13 21 73
13 22 76
13 23 85
13 24 45
13 25 93
13 26 23
13 27 93
13 28 23
13 29 16
13 30 21
13 31 98
13 32 19
13 33 40
13 34 87
13 35 90
13 36 69
13 37 93
13 38 45
13 39 72
13 40 65
13 41 67
13 42 47
13 43 60
13 44 94
13 45 54
13 46 20
13 47 66
13 48 95
13 49 68
14 0 59
14 1 89
14 2 95
14 3 97
14 4 66
14 5 62
14 6 47
14 7 29
14 8 11
14 9 22
14 10 97
14 11 66
14 12 63
14 13 53
14 14 0
14 15 60
14 16 99
14 17 69
14 18 87
14 19 44
14 20 93
14 21 42
14 22 67
14 23 35
14 24 13
14 25 33
14 26 78
14 27 57
14 28 25
14 29 54
14 30 70
14 31 74
14 32 43
14 33 34
14 34 62
14 35 67
14 36 30
14 37 92
14 38 65
14 39 11
14 40 81
14 41 23
14 42 59
14 43 41
14 44 36
14 45 100
14 46 69
14 47 59
14 48 51
14 49 54
15 0 29
15 1 68
15 2 71
15 3 10
15 4 29
15 5 59
15 6 77
15 7 88
15 8 51
15 9 26
15 10 40
15 11 58
15 12 63
15 13 10
15 14 60
15 15 0
15 16 17
15 17 30
15 18 81
15 19 93
15 20 10
15 21 92
15 22 59
15 23 91
15 24 21
15 25 47
15 26 37
15 27 91
15 28 42
15 29 10
15 30 72
15 31 73
15 32 99
15 33 15
15 34 17
15 35 29
15 36 12
15 37 16
15 38 42
15 39 23
15 40 12
15 41 25
15 42 24
15 43 48
15 44 62
15 45 26
15 46 55
15 47 83
15 48 73
15 49 66
16 0 53
16 1 86
16 2 97
16 3 56
16 4 96
16 5 29
16 6 12
16 7 62
16 8 28
16 9 59
16 10 94
16 11 67
16 12 74
16 13 92
16 14 99
16 15 17
16 16 0
16 17 92
16 18 100
16 19 20
16 20 88
16 21 98
16 22 16
16 23 96
16 24 82
16 25 91
16 26 41
16 27 74
16 28 73
16 29 56
16 30 96
16 31 93
16 32 53
16 33 47
16 34 93
16 35 44
16 36 54
16 37 68
16 38 61
16 39 97
16 40 66
16 41 51
16 42 22
16 43 95
16 44 19
16 45 13
16 46 95
16 47 37
16 48 24
16 49 77
17 0 80
17 1 42
17 2 93
17 3 34
17 4 68
17 5 56
17 6 68
17 7 77
17 8 77
17 9 41
17 10 89
17 11 71
17 12 58
17 13 63
17 14 69
17 15 30
17 16 92
17 17 0
17 18 78
17 19 23
17 20 51
17 21 35
17 22 22
17 23 81
17 24 65
17 25 24
17 26 37
17 27 57
17 28 80
17 29 69
17 30 16
17 31 55
17 32 64
17 33 65
17 34 64
17 35 36
17 36 39
17 37 69
17 38 17
17 39 42
17 40 38
17 41 21
17 42 70
17 43 14
17 44 11
17 45 96
17 46 58
17 47 69
17 48 29
17 49 73
18 0 81
18 1 17
18 2 89
18 3 97
18 4 77
18 5 67
18 6 68
18 7 63
18 8 96
18 9 20
18 10 21
18 11 73
18 12 96
18 13 64
18 14 87
18 15 81
18 16 100
18 17 78
18 18 0
18 19 24
18 20 78
18 21 54
18 22 67
18 23 67
18 24 63
18 25 49
18 26 79
18 27 52
18 28 13
18 29 46
18 30 38
18 31 61
18 32 28
18 33 86
18 34 82
18 35 98
18 36 27
18 37 13
18 38 12
18 39 19
18 40 63
18 41 36
18 42 35
18 43 80
18 44 23
18 45 14
18 46 90
18 47 13
18 48 36
18 49 94
19 0 23
19 1 89
19 2 44
19 3 14
19 4 41
19 5 85
19 6 82
19 7 58
19 8 68
19 9 42
19 10 31
19 11 55
19 12 95
19 13 29
19 14 44
19 15 93
19 16 20
19 17 23
19 18 24
19 19 0
19 20 72
19 21 22
19 22 23
19 23 59
19 24 51
19 25 84
19 26 57
19 27 28
19 28 61
19 29 74
19 30 87
19 31 47
19 32 35
19 33 29
19 34 49
19 35 74
19 36 77
19 37 93
19 38 36
19 39 83
19 40 84
19 41 13
19 42 57
19 43 83
19 44 64
19 45 91
19 46 70
19 47 26
19 48 78
19 49 47
20 0 66
20 1 58
20 2 30
20 3 68
20 4 95
20 5 39
20 6 68
20 7 90
20 8 72
20 9 98
20 10 92
20 11 43
20 12 48
20 13 99
20 14 93
20 15 10
20 16 88
20 17 51
20 18 78
20 19 72
20 20 0
20 21 58
20 22 28
20 23 29
20 24 77
20 25 43
20 26 63
20 27 51
20 28 86
20 29 33
20 30 82
20 31 51
20 32 92
20 33 58
20 34 96
20 35 51
20 36 14
20 37 54
20 38 49
20 39 16
20 40 17
20 41 96
20 42 90
20 43 25
20 44 15
20 45 82
20 46 14
20 47 11
20 48 45
20 49 56
21 0 68
21 1 95
21 2 80
21 3 38
21 4 92
21 5 34
21 6 88
21 7 58
21 8 85
21 9 98
21 10 59
21 11 12
21 12 100
21 13 73
21 14 42
21 15 92
21 16 98
21 17 35
21 18 54
21 19 22
21 20 58
21 21 0
21 22 49
21 23 87
21 24 78
21 25 34
21 26 13
21 27 91
21 28 11
21 29 53
21 30 61
21 31 41
21 32 27
21 33 72
21 34 49
21 35 29
21 36 46
21 37 71
21 38 16
21 39 62
21 40 52
21 41 10
21 42 98
21 43 68
21 44 62
21 45 59
21 46 19
21 47 28
21 48 50
21 49 61
22 0 86
22 1 32
22 2 42
22 3 13
22 4 79
22 5 62
22 6 97
22 7 95
22 8 91
22 9 20
22 10 79
22 11 32
22 12 55
22 13 76
22 14 67
22 15 59
22 16 16
22 17 22
22 18 67
22 19 23
22 20 28
22 21 49
22 22 0
22 23 93
22 24 38
22 25 65
22 26 88
22 27 33
22 28 69
22 29 94
22 30 95
22 31 51
22 32 91
22 33 46
22 34 22
22 35 50
22 36 93
22 37 25
22 38 79
22 39 73
22 40 94
22 41 12
22 42 68
22 43 88
22 44 27
22 45 43
22 46 73
22 47 43
22 48 22
22 49 100
23 0 12
23 1 23
23 2 15
23 3 97
23 4 71
23 5 18
23 6 34
23 7 37
23 8 39
23 9 89
23 10 60
23 11 66
23 12 93
23 13 85
23 14 35
23 15 91
23 16 96
23 17 81
23 18 67
23 19 59
23 20 29
23 21 87
23 22 93
23 23 0
23 24 10
23 25 100
23 26 44
23 27 10
23 28 88
23 29 91
23 30 80
23 31 89
23 32 15
23 33 36
23 34 75
23 35 26
23 36 52
23 37 97
23 38 58
23 39 88
23 40 77
23 41 35
23 42 22
23 43 19
23 44 72
23 45 90
23 46 44
23 47 51
23 48 18
23 49 86
24 0 30
24 1 76
24 2 11
24 3 35
24 4 37
24 5 10
24 6 85
24 7 47
24 8 69
24 9 66
24 10 19
24 11 97
24 12 42
24 13 45
24 14 13
24 15 21
24 16 82
24 17 65
24 18 63
24 19 51
24 20 77
24 21 78
24 22 38
24 23 10
24 24 0
24 25 85
24 26 54
24 27 89
24 28 92
24 29 16
24 30 73
24 31 14
24 32 10
24 33 46
24 34 19
24 35 42
24 36 38
24 37 12
24 38 54
24 39 32
24 40 42
24 41 58
24 42 76
24 43 85
24 44 52
24 45 74
24 46 41
24 47 28
24 48 64
24 49 20
25 0 32
25 1 45
25 2 75
25 3 32
25 4 84
25 5 45
25 6 52
25 7 28
25 8 53
25 9 77
25 10 74
25 11 20
25 12 94
25 13 93
25 14 33
25 15 47
25 16 91
25 17 24
25 18 49
25 19 84
25 20 43
25 21 34
25 22 65
25 23 100
25 24 85
25 25 0
25 26 12
25 27 79
25 28 71
25 29 25
25 30 10
25 31 10
25 32 75
25 33 35
25 34 91
25 35 51
25 36 67
25 37 91
25 38 52
25 39 12
25 40 83
25 41 35
25 42 15
25 43 79
25 44 39
25 45 85
25 46 90
25 47 52
25 48 39
25 49 56
26 0 15
26 1 10
26 2 31
26 3 33
26 4 50
26 5 60
26 6 32
26 7 56
26 8 79
26 9 66
26 10 44
26 11 24
26 12 37
26 13 23
26 14 78
26 15 37
26 16 41
26 17 37
26 18 79
26 19 57
26 20 63
26 21 13
26 22 88
26 23 44
26 24 54
26 25 12
26 26 0
26 27 72
26 28 15
26 29 40
26 30 98
26 31 89
26 32 60
26 33 72
26 34 57
26 35 31
26 36 33
26 37 39
26 38 10
26 39 95
26 40 19
26 41 19
26 42 63
26 43 39
26 44 100
26 45 56
26 46 65
26 47 28
26 48 78
26 49 17
27 0 55
27 1 58
27 2 22
27 3 90
27 4 22
27 5 14
27 6 35
27 7 34
27 8 18
27 9 64
27 10 62
27 11 29
27 12 28
27 13 93
27 14 57
27 15 91
27 16 74
27 17 57
27 18 52
27 19 28
27 20 51
27 21 91
27 22 33
27 23 10
27 24 89
27 25 79
27 26 72
27 27 0
27 28 26
27 29 73
27 30 27
27 31 25
27 32 62
27 33 25
27 34 48
27 35 81
27 36 58
27 37 29
27 38 26
27 39 21
27 40 34
27 41 50
27 42 20
27 43 23
27 44 54
27 45 26
27 46 72
27 47 49
27 48 37
27 49 54
28 0 87
28 1 58
28 2 30
28 3 67
28 4 76
28 5 96
28 6 87
28 7 80
28 8 15
28 9 45
28 10 19
28 11 13
28 12 85
28 13 23
28 14 25
28 15 42
28 16 73
28 17 80
28 18 13
28 19 61
28 20 86
28 21 11
28 22 69
28 23 88
28 24 92
28 25 71
28 26 15
28 27 26
28 28 0
28 29 81
28 30 83
28 31 48
28 32 45
28 33 23
28 34 80
28 35 91
28 36 21
28 37 84
28 38 59
28 39 93
28 40 39
28 41 99
28 42 89
28 43 18
28 44 83
28 45 11
28 46 40
28 47 22
28 48 44
28 49 28
29 0 60
29 1 69
29 2 22
29 3 35
29 4 78
29 5 77
29 6 41
29 7 60
29 8 40
29 9 57
29 10 44
29 11 26
29 12 51
29 13 16
29 14 54
29 15 10
29 16 56
29 17 69
29 18 46
29 19 74
29 20 33
29 21 53
29 22 94
29 23 91
29 24 16
29 25 25
29 26 40
29 27 73
29 28 81
29 29 0
29 30 65
29 31 39
29 32 23
29 33 62
29 34 26
29 35 16
29 36 21
29 37 71
29 38 91
29 39 83
29 40 51
29 41 68
29 42 45
29 43 91
29 44 74
29 45 98
29 46 18
29 47 34
29 48 74
29 49 77
30 0 24
30 1 61
30 2 82
30 3 68
30 4 65
30 5 98
30 6 17
30 7 10
30 8 99
30 9 90
30 10 16
30 11 85
30 12 74
30 13 21
30 14 70
30 15 72
30 16 96
30 17 16
30 18 38
30 19 87
30 20 82
30 21 61
30 22 95
30 23 80
30 24 73
30 25 10
30 26 98
30 27 27
30 28 83
30 29 65
30 30 0
30 31 89
30 32 71
30 33 78
30 34 29
30 35 73
30 36 84
30 37 32
30 38 85
30 39 26
30 40 64
30 41 10
30 42 26
30 43 17
30 44 23
30 45 98
30 46 84
30 47 45
30 48 30
30 49 20
31 0 42
31 1 44
31 2 58
31 3 76
31 4 75
31 5 69
31 6 100
31 7 19
31 8 63
31 9 74
31 10 34
31 11 98
31 12 77
31 13 98
31 14 74
31 15 73
31 16 93
31 17 55
31 18 61
31 19 47
31 20 51
31 21 41
31 22 51
31 23 89
31 24 14
31 25 10
31 26 89
31 27 25
31 28 48
31 29 39
31 30 89
31 31 0
31 32 19
31 33 81
31 34 79
31 35 93
31 36 25
31 37 51
31 38 51
31 39 62
31 40 45
31 41 90
31 42 91
31 43 29
31 44 14
31 45 53
31 46 84
31 47 17
31 48 38
31 49 28
32 0 84
32 1 99
32 2 31
32 3 59
32 4 49
32 5 58
32 6 19
32 7 99
32 8 68
32 9 64
32 10 64
32 11 62
32 12 48
32 13 19
32 14 43
32 15 99
32 16 53
32 17 64
32 18 28
32 19 35
32 20 92
32 21 27
32 22 91
32 23 15
32 24 10
32 25 75
32 26 60
32 27 62
32 28 45
32 29 23
32 30 71
32 31 19
32 32 0
32 33 86
32 34 29
32 35 30
32 36 17
32 37 24
32 38 23
32 39 34
32 40 26
32 41 16
32 42 93
32 43 84
32 44 52
32 45 65
32 46 64
32 47 87
32 48 20
32 49 64
33 0 78
33 1 49
33 2 11
33 3 91
33 4 39
33 5 35
33 6 87
33 7 93
33 8 36
33 9 84
33 10 70
33 11 42
33 12 46
33 13 40
33 14 34
33 15 15
33 16 47
33 17 65
33 18 86
33 19 29
33 20 58
33 21 72
33 22 46
33 23 36
33 24 46
33 25 35
33 26 72
33 27 25
33 28 23
33 29 62
33 30 78
33 31 81
33 32 86
33 33 0
33 34 28
33 35 84
33 36 15
33 37 20
33 38 64
33 39 33
33 40 32
33 41 12
33 42 49
33 43 94
33 44 93
33 45 15
33 46 78
33 47 42
33 48 20
33 49 89
34 0 54
34 1 51
34 2 42
34 3 56
34 4 63
34 5 11
34 6 65
34 7 92
34 8 61
34 9 19
34 10 60
34 11 80
34 12 33
34 13 87
34 14 62
34 15 17
34 16 93
34 17 64
34 18 82
34 19 49
34 20 96
34 21 49
34 22 22
34 23 75
34 24 19
34 25 91
34 26 57
34 27 48
34 28 80
34 29 26
34 30 29
34 31 79
34 32 29
34 33 28
34 34 0
34 35 66
34 36 37
34 37 58
34 38 100
34 39 72
34 40 38
34 41 77
34 42 43
34 43 39
34 44 98
34 45 54
34 46 31
34 47 32
34 48 55
34 49 33
35 0 98
35 1 77
35 2 38
35 3 75
35 4 32
35 5 43
35 6 57
35 7 33
35 8 32
35 9 69
35 10 88
35 11 27
35 12 56
35 13 90
35 14 67
35 15 29
35 16 44
35 17 36
35 18 98
35 19 74
35 20 51
35 21 29
35 22 50
35 23 26
35 24 42
35 25 51
35 26 31
35 27 81
35 28 91
35 29 16
35 30 73
35 31 93
35 32 30
35 33 84
35 34 66
35 35 0
35 36 99
35 37 75
35 38 38
35 39 73
35 40 17
35 41 27
35 42 22
35 43 47
35 44 66
35 45 62
35 46 55
35 47 54
35 48 18
35 49 94
36 0 29
36 1 67
36 2 44
36 3 30
36 4 60
36 5 16
36 6 63
36 7 48
36 8 96
36 9 19
36 10 17
36 11 41
36 12 68
36 13 69
36 14 30
36 15 12
36 16 54
36 17 39
36 18 27
36 19 77
36 20 14
36 21 46
36 22 93
36 23 52
36 24 38
36 25 67
36 26 33
36 27 58
36 28 21
36 29 21
36 30 84
36 31 25
36 32 17
36 33 15
36 34 37
36 35 99
36 36 0
36 37 26
36 38 49
36 39 25
36 40 29
36 41 96
36 42 22
36 43 25
36 44 37
36 45 24
36 46 13
36 47 32
36 48 48
36 49 98
37 0 44
37 1 31
37 2 79
37 3 58
37 4 38
37 5 76
37 6 63
37 7 10
37 8 54
37 9 42
37 10 30
37 11 50
37 12 26
37 13 93
37 14 92
37 15 16
37 16 68
37 17 69
37 18 13
37 19 93
37 20 54
37 21 71
37 22 25
37 23 97
37 24 12
37 25 91
37 26 39
37 27 29
37 28 84
37 29 71
37 30 32
37 31 51
37 32 24
37 33 20
37 34 58
37 35 75
37 36 26
37 37 0
37 38 99
37 39 61
37 40 18
37 41 32
37 42 42
37 43 88
37 44 36
37 45 16
37 46 20
37 47 38
37 48 21
37 49 25
38 0 82
38 1 84
38 2 28
38 3 78
38 4 97
38 5 23
38 6 81
38 7 96
38 8 67
38 9 91
38 10 18
38 11 52
38 12 67
38 13 45
38 14 65
38 15 42
38 16 61
38 17 17
38 18 12
38 19 36
38 20 49
38 21 16
38 22 79
38 23 58
38 24 54
38 25 52
38 26 10
38 27 26
38 28 59
38 29 91
38 30 85
38 31 51
38 32 23
38 33 64
38 34 100
38 35 38
38 36 49
38 37 99
38 38 0
38 39 27
38 40 19
38 41 60
38 42 72
38 43 49
38 44 17
38 45 17
38 46 37
38 47 67
38 48 34
38 49 76
39 0 70
39 1 49
39 2 30
39 3 47
39 4 90
39 5 25
39 6 80
39 7 37
39 8 27
39 9 67
39 10 23
39 11 85
39 12 84
39 13 72
39 14 11
39 15 23
39 16 97
39 17 42
39 18 19
39 19 83
39 20 16
39 21 62
39 22 73
39 23 88
39 24 32
39 25 12
39 26 95
39 27 21
39 28 93
39 29 83
39 30 26
39 31 62
39 32 34
39 33 33
39 34 72
39 35 73
39 36 25
39 37 61
39 38 27
39 39 0
39 40 75
39 41 84
39 42 58
39 43 61
39 44 29
39 45 86
39 46 69
39 47 73
39 48 30
39 49 32
40 0 23
40 1 97
40 2 94
40 3 67
40 4 77
40 5 69
40 6 52
40 7 58
40 8 52
40 9 64
40 10 94
40 11 61
40 12 16
40 13 65
40 14 81
40 15 12
40 16 66
40 17 38
40 18 63
40 19 84
40 20 17
40 21 52
40 22 94
40 23 77
40 24 42
40 25 83
40 26 19
40 27 34
40 28 39
40 29 51
40 30 64
40 31 45
40 32 26
40 33 32
40 34 38
40 35 17
40 36 29
40 37 18
40 38 19
40 39 75
40 40 0
40 41 86
40 42 66
40 43 64
40 44 38
40 45 38
40 46 43
40 47 18
40 48 71
40 49 69
41 0 39
41 1 17
41 2 78
41 3 73
41 4 50
41 5 66
41 6 85
41 7 66
41 8 92
41 9 91
41 10 12
41 11 81
41 12 37
41 13 67
41 14 23
41 15 25
41 16 51
41 17 21
41 18 36
41 19 13
41 20 96
41 21 10
41 22 12
41 23 35
41 24 58
41 25 35
41 26 19
41 27 50
41 28 99
41 29 68
41 30 10
41 31 90
41 32 16
41 33 12
41 34 77
41 35 27
41 36 96
41 37 32
41 38 60
41 39 84
41 40 86
41 41 0
41 42 33
41 43 19
41 44 91
41 45 71
41 46 43
41 47 97
41 48 99
41 49 49
42 0 24
42 1 84
42 2 13
42 3 93
42 4 10
42 5 55
42 6 85
42 7 56
42 8 97
42 9 13
42 10 43
42 11 82
42 12 83
42 13 47
42 14 59
42 15 24
42 16 22
42 17 70
42 18 35
42 19 57
42 20 90
42 21 98
42 22 68
42 23 22
42 24 76
42 25 15
42 26 63
42 27 20
42 28 89
42 29 45
42 30 26
42 31 91
42 32 93
42 33 49
42 34 43
42 35 22
42 36 22
42 37 42
42 38 72
42 39 58
42 40 66
42 41 33
42 42 0
42 43 66
42 44 56
42 45 52
42 46 39
42 47 36
42 48 59
42 49 11
43 0 87
43 1 29
43 2 30
43 3 23
43 4 51
43 5 28
43 6 82
43 7 57
43 8 23
43 9 30
43 10 13
43 11 38
43 12 29
43 13 60
43 14 41
43 15 48
43 16 95
43 17 14
43 18 80
43 19 83
43 20 25
43 21 68
43 22 88
43 23 19
43 24 85
43 25 79
43 26 39
43 27 23
43 28 18
43 29 91
43 30 17
43 31 29
43 32 84
43 33 94
43 34 39
43 35 47
43 36 25
43 37 88
43 38 49
43 39 61
43 40 64
43 41 19
43 42 66
43 43 0
43 44 40
43 45 49
43 46 47
43 47 95
43 48 86
43 49 30
44 0 50
44 1 76
44 2 11
44 3 95
44 4 25
44 5 20
44 6 55
44 7 45
44 8 78
44 9 63
44 10 64
44 11 71
44 12 60
44 13 94
44 14 36
44 15 62
44 16 19
44 17 11
44 18 23
44 19 64
44 20 15
44 21 62
44 22 27
44 23 72
44 24 52
44 25 39
44 26 100
44 27 54
44 28 83
44 29 74
44 30 23
44 31 14
44 32 52
44 33 93
44 34 98
44 35 66
44 36 37
44 37 36
44 38 17
44 39 29
44 40 38
44 41 91
44 42 56
44 43 40
44 44 0
44 45 34
44 46 51
44 47 22
44 48 68
44 49 31
45 0 71
45 1 80
45 2 80
45 3 45
45 4 12
45 5 78
45 6 27
45 7 64
45 8 62
45 9 53
45 10 70
45 11 50
45 12 47
45 13 54
45 14 100
45 15 26
45 16 13
45 17 96
45 18 14
45 19 91
45 20 82
45 21 59
45 22 43
45 23 90
45 24 74
45 25 85
45 26 56
45 27 26
45 28 11
45 29 98
45 30 98
45 31 53
45 32 65
45 33 15
45 34 54
45 35 62
45 36 24
45 37 16
45 38 17
45 39 86
45 40 38
45 41 71
45 42 52
45 43 49
45 44 34
45 45 0
45 46 11
45 47 69
45 48 65
45 49 18
46 0 98
46 1 65
46 2 86
46 3 64
46 4 90
46 5 56
46 6 93
46 7 66
46 8 54
46 9 82
46 10 50
46 11 26
46 12 30
46 13 20
46 14 69
46 15 55
46 16 95
46 17 58
46 18 90
46 19 70
46 20 14
46 21 19
46 22 73
46 23 44
46 24 41
46 25 90
46 26 65
46 27 72
46 28 40
46 29 18
46 30 84
46 31 84
46 32 64
46 33 78
46 34 31
46 35 55
46 36 13
46 37 20
46 38 37
46 39 69
46 40 43
46 41 43
46 42 39
46 43 47
46 44 51
46 45 11
46 46 0
46 47 40
46 48 67
46 49 54
47 0 38
47 1 38
47 2 53
47 3 45
47 4 88
47 5 42
47 6 56
47 7 24
47 8 83
47 9 83
47 10 52
47 11 61
47 12 44
47 13 66
47 14 59
47 15 83
47 16 37
47 17 69
47 18 13
47 19 26
47 20 11
47 21 28
47 22 43
47 23 51
47 24 28
47 25 52
47 26 28
47 27 49
47 28 22
47 29 34
47 30 45
47 31 17
47 32 87
47 33 42
47 34 32
47 35 54
47 36 32
47 37 38
47 38 67
47 39 73
47 40 18
47 41 97
47 42 36
47 43 95
47 44 22
47 45 69
47 46 40
47 47 0
47 48 72
47 49 62
48 0 69
48 1 21
48 2 26
48 3 47
48 4 99
48 5 81
48 6 36
48 7 59
48 8 85
48 9 10
48 10 78
48 11 53
48 12 20
48 13 95
48 14 51
48 15 73
48 16 24
48 17 29
48 18 36
48 19 78
48 20 45
48 21 50
48 22 22
48 23 18
48 24 64
48 25 39
48 26 78
48 27 37
48 28 44
48 29 74
48 30 30
48 31 38
48 32 20
48 33 20
48 34 55
48 35 18
48 36 48
48 37 21
48 38 34
48 39 30
48 40 71
48 41 99
48 42 59
48 43 86
48 44 68
48 45 65
48 46 67
48 47 72
48 48 0
48 49 14
49 0 36
49 1 37
49 2 19
49 3 38
49 4 82
49 5 40
49 6 85
49 7 69
49 8 16
49 9 80
49 10 46
49 11 55
49 12 92
49 13 68
49 14 54
49 15 66
49 16 77
49 17 73
49 18 94
49 19 47
49 20 56
49 21 61
49 22 100
49 23 86
49 24 20
49 25 56
49 26 17
49 27 54
49 28 28
49 29 77
49 30 20
49 31 28
49 32 64
49 33 89
49 34 33
49 35 94
49 36 98
49 37 25
49 38 76
49 39 32
49 40 69
49 41 49
49 42 11
49 43 30
49 44 31
49 45 18
49 46 54
49 47 62
49 48 14
49 49 0
