60
0 0 0
0 1 0
0 2 30
0 3 0
0 4 49
0 5 100
0 6 0
0 7 0
0 8 90
0 9 97
0 10 0
0 11 0
0 12 83
0 13 26
0 14 0
0 15 70
0 16 49
0 17 0
0 18 33
0 19 56
0 20 0
0 21 0
0 22 81
0 23 0
0 24 31
0 25 94
0 26 14
0 27 92
0 28 50
0 29 0
0 30 0
0 31 0
0 32 0
0 33 0
0 34 77
0 35 0
0 36 0
0 37 75
0 38 0
0 39 0
0 40 0
0 41 0
0 42 75
0 43 0
0 44 11
0 45 0
0 46 52
0 47 77
0 48 48
0 49 85
0 50 0
0 51 0
0 52 0
0 53 69
0 54 0
0 55 0
0 56 0
0 57 0
0 58 58
0 59 0
1 0 0
1 1 0
1 2 0
1 3 0
1 4 52
1 5 90
1 6 0
1 7 19
1 8 0
1 9 0
1 10 0
1 11 55
1 12 0
1 13 29
1 14 84
1 15 0
1 16 42
1 17 0
1 18 29
1 19 57
1 20 0
1 21 67
1 22 45
1 23 50
1 24 67
1 25 57
1 26 26
1 27 0
1 28 0
1 29 0
1 30 0
1 31 0
1 32 0
1 33 42
1 34 0
1 35 0
1 36 24
1 37 38
1 38 98
1 39 14
1 40 36
1 41 0
1 42 87
1 43 0
1 44 86
1 45 0
1 46 0
1 47 0
1 48 81
1 49 56
1 50 39
1 51 0
1 52 0
1 53 19
1 54 0
1 55 65
1 56 0
1 57 16
1 58 40
1 59 0
2 0 30
2 1 0
2 2 0
2 3 51
2 4 0
2 5 57
2 6 0
2 7 15
2 8 61
2 9 0
2 10 0
2 11 47
2 12 10
2 13 71
2 14 0
2 15 41
2 16 0
2 17 77
2 18 89
2 19 0
2 20 0
2 21 98
2 22 27
2 23 26
2 24 0
2 25 0
2 26 0
2 27 0
2 28 88
2 29 93
2 30 0
2 31 0
2 32 74
2 33 0
2 34 71
2 35 0
2 36 84
2 37 0
2 38 0
2 39 98
2 40 54
2 41 0
2 42 46
2 43 0
2 44 0
2 45 0
2 46 28
2 47 0
2 48 53
2 49 36
2 50 0
2 51 0
2 52 0
2 53 0
2 54 89
2 55 0
2 56 49
2 57 0
2 58 49
2 59 90
3 0 0
3 1 0
3 2 51
3 3 0
3 4 0
3 5 64
3 6 47
3 7 0
3 8 25
3 9 0
3 10 0
3 11 0
3 12 0
3 13 0
3 14 0
3 15 0
3 16 0
3 17 42
3 18 0
3 19 27
3 20 94
3 21 84
3 22 17
3 23 0
3 24 37
3 25 0
3 26 0
3 27 64
3 28 0
3 29 0
3 30 79
3 31 100
3 32 11
3 33 0
3 34 49
3 35 0
3 36 45
3 37 0
3 38 0
3 39 0
3 40 96
3 41 0
3 42 73
3 43 42
3 44 96
3 45 41
3 46 0
3 47 46
3 48 94
3 49 0
3 50 0
3 51 27
3 52 95
3 53 0
3 54 98
3 55 72
3 56 0
3 57 97
3 58 0
3 59 84
4 0 49
4 1 52
4 2 0
4 3 0
4 4 0
4 5 0
4 6 0
4 7 47
4 8 0
4 9 0
4 10 15
4 11 0
4 12 61
4 13 0
4 14 28
4 15 63
4 16 0
4 17 53
4 18 69
4 19 0
4 20 23
4 21 0
4 22 22
4 23 0
4 24 93
4 25 0
4 26 0
4 27 79
4 28 0
4 29 0
4 30 0
4 31 0
4 32 0
4 33 77
4 34 34
4 35 63
4 36 0
4 37 92
4 38 0
4 39 0
4 40 0
4 41 0
4 42 17
4 43 47
4 44 0
4 45 0
4 46 33
4 47 32
4 48 0
4 49 78
4 50 0
4 51 68
4 52 61
4 53 0
4 54 0
4 55 35
4 56 0
4 57 0
4 58 0
4 59 0
5 0 100
5 1 90
5 2 57
5 3 64
5 4 0
5 5 0
5 6 0
5 7 75
5 8 31
5 9 34
5 10 0
5 11 28
5 12 0
5 13 0
5 14 16
5 15 0
5 16 94
5 17 0
5 18 0
5 19 98
5 20 35
5 21 0
5 22 0
5 23 26
5 24 48
5 25 0
5 26 22
5 27 0
5 28 47
5 29 0
5 30 0
5 31 0
5 32 95
5 33 0
5 34 0
5 35 57
5 36 19
5 37 0
5 38 0
5 39 0
5 40 39
5 41 0
5 42 54
5 43 52
5 44 0
5 45 0
5 46 70
5 47 0
5 48 92
5 49 56
5 50 43
5 51 70
5 52 54
5 53 32
5 54 0
5 55 38
5 56 0
5 57 0
5 58 0
5 59 76
6 0 0
6 1 0
6 2 0
6 3 47
6 4 0
6 5 0
6 6 0
6 7 50
6 8 0
6 9 22
6 10 0
6 11 64
6 12 0
6 13 51
6 14 0
6 15 24
6 16 0
6 17 0
6 18 0
6 19 47
6 20 0
6 21 24
6 22 0
6 23 0
6 24 0
6 25 0
6 26 94
6 27 67
6 28 89
6 29 84
6 30 0
6 31 87
6 32 0
6 33 0
6 34 0
6 35 0
6 36 0
6 37 88
6 38 0
6 39 99
6 40 22
6 41 0
6 42 0
6 43 0
6 44 0
6 45 0
6 46 0
6 47 13
6 48 0
6 49 69
6 50 0
6 51 34
6 52 84
6 53 19
6 54 0
6 55 0
6 56 0
6 57 20
6 58 58
6 59 0
7 0 0
7 1 19
7 2 15
7 3 0
7 4 47
7 5 75
7 6 50
7 7 0
7 8 0
7 9 0
7 10 0
7 11 78
7 12 21
7 13 0
7 14 87
7 15 85
7 16 0
7 17 0
7 18 0
7 19 0
7 20 0
7 21 0
7 22 20
7 23 0
7 24 90
7 25 0
7 26 20
7 27 0
7 28 0
7 29 73
7 30 0
7 31 0
7 32 84
7 33 0
7 34 0
7 35 75
7 36 75
7 37 86
7 38 0
7 39 0
7 40 57
7 41 0
7 42 51
7 43 37
7 44 71
7 45 0
7 46 0
7 47 60
7 48 85
7 49 0
7 50 0
7 51 0
7 52 10
7 53 0
7 54 0
7 55 0
7 56 0
7 57 99
7 58 0
7 59 68
8 0 90
8 1 0
8 2 61
8 3 25
8 4 0
8 5 31
8 6 0
8 7 0
8 8 0
8 9 0
8 10 82
8 11 55
8 12 16
8 13 100
8 14 70
8 15 37
8 16 99
8 17 20
8 18 64
8 19 0
8 20 82
8 21 0
8 22 0
8 23 0
8 24 64
8 25 0
8 26 0
8 27 0
8 28 0
8 29 44
8 30 22
8 31 0
8 32 55
8 33 0
8 34 54
8 35 0
8 36 0
8 37 31
8 38 37
8 39 0
8 40 43
8 41 0
8 42 54
8 43 0
8 44 0
8 45 0
8 46 42
8 47 13
8 48 0
8 49 91
8 50 0
8 51 66
8 52 0
8 53 0
8 54 69
8 55 0
8 56 0
8 57 49
8 58 0
8 59 81
9 0 97
9 1 0
9 2 0
9 3 0
9 4 0
9 5 34
9 6 22
9 7 0
9 8 0
9 9 0
9 10 0
9 11 0
9 12 70
9 13 0
9 14 23
9 15 0
9 16 75
9 17 0
9 18 0
9 19 0
9 20 89
9 21 0
9 22 68
9 23 0
9 24 16
9 25 63
9 26 40
9 27 0
9 28 0
9 29 0
9 30 0
9 31 0
9 32 0
9 33 79
9 34 74
9 35 0
9 36 76
9 37 37
9 38 69
9 39 40
9 40 20
9 41 69
9 42 35
9 43 0
9 44 71
9 45 87
9 46 71
9 47 0
9 48 74
9 49 0
9 50 68
9 51 56
9 52 0
9 53 75
9 54 0
9 55 0
9 56 24
9 57 19
9 58 0
9 59 28
10 0 0
10 1 0
10 2 0
10 3 0
10 4 15
10 5 0
10 6 0
10 7 0
10 8 82
10 9 0
10 10 0
10 11 0
10 12 21
10 13 0
10 14 70
10 15 0
10 16 0
10 17 20
10 18 89
10 19 15
10 20 0
10 21 18
10 22 39
10 23 52
10 24 58
10 25 0
10 26 32
10 27 23
10 28 43
10 29 0
10 30 30
10 31 16
10 32 36
10 33 0
10 34 60
10 35 0
10 36 56
10 37 64
10 38 24
10 39 0
10 40 26
10 41 0
10 42 26
10 43 56
10 44 53
10 45 32
10 46 10
10 47 16
10 48 31
10 49 0
10 50 18
10 51 55
10 52 21
10 53 72
10 54 0
10 55 0
10 56 0
10 57 44
10 58 85
10 59 0
11 0 0
11 1 55
11 2 47
11 3 0
11 4 0
11 5 28
11 6 64
11 7 78
11 8 55
11 9 0
11 10 0
11 11 0
11 12 18
11 13 90
11 14 73
11 15 37
11 16 0
11 17 0
11 18 17
11 19 42
11 20 32
11 21 19
11 22 37
11 23 86
11 24 0
11 25 0
11 26 76
11 27 74
11 28 42
11 29 52
11 30 0
11 31 51
11 32 0
11 33 73
11 34 0
11 35 51
11 36 22
11 37 0
11 38 0
11 39 34
11 40 46
11 41 0
11 42 43
11 43 15
11 44 39
11 45 64
11 46 35
11 47 0
11 48 0
11 49 44
11 50 14
11 51 26
11 52 79
11 53 90
11 54 0
11 55 0
11 56 65
11 57 0
11 58 44
11 59 0
12 0 83
12 1 0
12 2 10
12 3 0
12 4 61
12 5 0
12 6 0
12 7 21
12 8 16
12 9 70
12 10 21
12 11 18
12 12 0
12 13 19
12 14 47
12 15 0
12 16 56
12 17 99
12 18 0
12 19 97
12 20 0
12 21 0
12 22 0
12 23 76
12 24 38
12 25 28
12 26 43
12 27 0
12 28 52
12 29 58
12 30 86
12 31 0
12 32 72
12 33 89
12 34 63
12 35 0
12 36 0
12 37 0
12 38 0
12 39 0
12 40 0
12 41 48
12 42 0
12 43 0
12 44 35
12 45 0
12 46 90
12 47 30
12 48 98
12 49 0
12 50 89
12 51 0
12 52 27
12 53 0
12 54 17
12 55 87
12 56 0
12 57 0
12 58 64
12 59 97
13 0 26
13 1 29
13 2 71
13 3 0
13 4 0
13 5 0
13 6 51
13 7 0
13 8 100
13 9 0
13 10 0
13 11 90
13 12 19
13 13 0
13 14 49
13 15 76
13 16 54
13 17 0
13 18 0
13 19 64
13 20 10
13 21 0
13 22 98
13 23 100
13 24 0
13 25 59
13 26 0
13 27 0
13 28 0
13 29 0
13 30 0
13 31 32
13 32 36
13 33 0
13 34 68
13 35 0
13 36 69
13 37 0
13 38 25
13 39 0
13 40 0
13 41 0
13 42 46
13 43 12
13 44 47
13 45 81
13 46 0
13 47 61
13 48 0
13 49 82
13 50 60
13 51 0
13 52 87
13 53 0
13 54 90
13 55 93
13 56 94
13 57 0
13 58 35
13 59 0
14 0 0
14 1 84
14 2 0
14 3 0
14 4 28
14 5 16
14 6 0
14 7 87
14 8 70
14 9 23
14 10 70
14 11 73
14 12 47
14 13 49
14 14 0
14 15 25
14 16 0
14 17 0
14 18 60
14 19 15
14 20 35
14 21 94
14 22 0
14 23 81
14 24 0
14 25 11
14 26 0
14 27 87
14 28 61
14 29 67
14 30 20
14 31 0
14 32 45
14 33 0
14 34 67
14 35 70
14 36 17
14 37 0
14 38 23
14 39 0
14 40 42
14 41 0
14 42 0
14 43 0
14 44 0
14 45 0
14 46 0
14 47 54
14 48 0
14 49 51
14 50 43
14 51 42
14 52 0
14 53 0
14 54 0
14 55 43
14 56 0
14 57 0
14 58 47
14 59 73
15 0 70
15 1 0
15 2 41
15 3 0
15 4 63
15 5 0
15 6 24
15 7 85
15 8 37
15 9 0
15 10 0
15 11 37
15 12 0
15 13 76
15 14 25
15 15 0
15 16 100
15 17 61
15 18 79
15 19 0
15 20 0
15 21 89
15 22 36
15 23 0
15 24 0
15 25 0
15 26 56
15 27 0
15 28 0
15 29 0
15 30 42
15 31 28
15 32 44
15 33 0
15 34 0
15 35 67
15 36 83
15 37 0
15 38 0
15 39 0
15 40 0
15 41 0
15 42 0
15 43 22
15 44 93
15 45 32
15 46 0
15 47 0
15 48 94
15 49 34
15 50 0
15 51 20
15 52 0
15 53 0
15 54 0
15 55 0
15 56 99
15 57 0
15 58 83
15 59 0
16 0 49
16 1 42
16 2 0
16 3 0
16 4 0
16 5 94
16 6 0
16 7 0
16 8 99
16 9 75
16 10 0
16 11 0
16 12 56
16 13 54
16 14 0
16 15 100
16 16 0
16 17 0
16 18 0
16 19 18
16 20 0
16 21 51
16 22 77
16 23 0
16 24 0
16 25 0
16 26 66
16 27 93
16 28 0
16 29 50
16 30 27
16 31 0
16 32 24
16 33 0
16 34 30
16 35 0
16 36 0
16 37 0
16 38 87
16 39 62
16 40 0
16 41 0
16 42 59
16 43 42
16 44 38
16 45 40
16 46 83
16 47 94
16 48 15
16 49 47
16 50 35
16 51 0
16 52 54
16 53 0
16 54 97
16 55 0
16 56 0
16 57 28
16 58 85
16 59 77
17 0 0
17 1 0
17 2 77
17 3 42
17 4 53
17 5 0
17 6 0
17 7 0
17 8 20
17 9 0
17 10 20
17 11 0
17 12 99
17 13 0
17 14 0
17 15 61
17 16 0
17 17 0
17 18 35
17 19 0
17 20 99
17 21 0
17 22 0
17 23 0
17 24 34
17 25 0
17 26 0
17 27 65
17 28 0
17 29 51
17 30 0
17 31 0
17 32 83
17 33 0
17 34 48
17 35 34
17 36 0
17 37 0
17 38 30
17 39 42
17 40 0
17 41 34
17 42 81
17 43 0
17 44 0
17 45 0
17 46 0
17 47 74
17 48 53
17 49 48
17 50 0
17 51 56
17 52 71
17 53 15
17 54 99
17 55 40
17 56 0
17 57 31
17 58 85
17 59 0
18 0 33
18 1 29
18 2 89
18 3 0
18 4 69
18 5 0
18 6 0
18 7 0
18 8 64
18 9 0
18 10 89
18 11 17
18 12 0
18 13 0
18 14 60
18 15 79
18 16 0
18 17 35
18 18 0
18 19 0
18 20 47
18 21 100
18 22 68
18 23 0
18 24 64
18 25 20
18 26 0
18 27 37
18 28 95
18 29 0
18 30 0
18 31 0
18 32 91
18 33 64
18 34 63
18 35 89
18 36 0
18 37 59
18 38 0
18 39 49
18 40 0
18 41 96
18 42 11
18 43 0
18 44 34
18 45 55
18 46 0
18 47 0
18 48 70
18 49 0
18 50 0
18 51 0
18 52 29
18 53 0
18 54 50
18 55 0
18 56 0
18 57 0
18 58 93
18 59 100
19 0 56
19 1 57
19 2 0
19 3 27
19 4 0
19 5 98
19 6 47
19 7 0
19 8 0
19 9 0
19 10 15
19 11 42
19 12 97
19 13 64
19 14 15
19 15 0
19 16 18
19 17 0
19 18 0
19 19 0
19 20 0
19 21 42
19 22 91
19 23 0
19 24 59
19 25 0
19 26 0
19 27 84
19 28 0
19 29 32
19 30 0
19 31 0
19 32 22
19 33 0
19 34 20
19 35 86
19 36 0
19 37 0
19 38 67
19 39 0
19 40 29
19 41 86
19 42 0
19 43 99
19 44 84
19 45 0
19 46 63
19 47 0
19 48 0
19 49 0
19 50 0
19 51 0
19 52 0
19 53 0
19 54 21
19 55 0
19 56 62
19 57 47
19 58 0
19 59 0
20 0 0
20 1 0
20 2 0
20 3 94
20 4 23
20 5 35
20 6 0
20 7 0
20 8 82
20 9 89
20 10 0
20 11 32
20 12 0
20 13 10
20 14 35
20 15 0
20 16 0
20 17 99
20 18 47
20 19 0
20 20 0
20 21 0
20 22 88
20 23 0
20 24 0
20 25 70
20 26 89
20 27 32
20 28 0
20 29 15
20 30 35
20 31 0
20 32 20
20 33 77
20 34 0
20 35 0
20 36 30
20 37 55
20 38 0
20 39 84
20 40 30
20 41 82
20 42 0
20 43 0
20 44 10
20 45 0
20 46 0
20 47 96
20 48 0
20 49 0
20 50 94
20 51 59
20 52 0
20 53 51
20 54 93
20 55 0
20 56 65
20 57 92
20 58 89
20 59 69
21 0 0
21 1 67
21 2 98
21 3 84
21 4 0
21 5 0
21 6 24
21 7 0
21 8 0
21 9 0
21 10 18
21 11 19
21 12 0
21 13 0
21 14 94
21 15 89
21 16 51
21 17 0
21 18 100
21 19 42
21 20 0
21 21 0
21 22 63
21 23 0
21 24 31
21 25 0
21 26 0
21 27 67
21 28 0
21 29 80
21 30 0
21 31 93
21 32 0
21 33 19
21 34 0
21 35 0
21 36 0
21 37 71
21 38 0
21 39 0
21 40 0
21 41 29
21 42 78
21 43 0
21 44 0
21 45 0
21 46 39
21 47 43
21 48 57
21 49 0
21 50 12
21 51 98
21 52 56
21 53 83
21 54 0
21 55 26
21 56 21
21 57 49
21 58 0
21 59 97
22 0 81
22 1 45
22 2 27
22 3 17
22 4 22
22 5 0
22 6 0
22 7 20
22 8 0
22 9 68
22 10 39
22 11 37
22 12 0
22 13 98
22 14 0
22 15 36
22 16 77
22 17 0
22 18 68
22 19 91
22 20 88
22 21 63
22 22 0
22 23 0
22 24 28
22 25 58
22 26 90
22 27 47
22 28 0
22 29 79
22 30 0
22 31 27
22 32 0
22 33 0
22 34 15
22 35 51
22 36 22
22 37 73
22 38 52
22 39 0
22 40 15
22 41 0
22 42 0
22 43 12
22 44 0
22 45 0
22 46 0
22 47 59
22 48 0
22 49 0
22 50 42
22 51 35
22 52 67
22 53 75
22 54 12
22 55 0
22 56 0
22 57 0
22 58 0
22 59 84
23 0 0
23 1 50
23 2 26
23 3 0
23 4 0
23 5 26
23 6 0
23 7 0
23 8 0
23 9 0
23 10 52
23 11 86
23 12 76
23 13 100
23 14 81
23 15 0
23 16 0
23 17 0
23 18 0
23 19 0
23 20 0
23 21 0
23 22 0
23 23 0
23 24 0
23 25 31
23 26 84
23 27 0
23 28 77
23 29 76
23 30 0
23 31 18
23 32 71
23 33 0
23 34 33
23 35 90
23 36 0
23 37 48
23 38 48
23 39 70
23 40 0
23 41 0
23 42 0
23 43 55
23 44 0
23 45 83
23 46 0
23 47 0
23 48 0
23 49 35
23 50 0
23 51 0
23 52 35
23 53 79
23 54 61
23 55 19
23 56 0
23 57 72
23 58 70
23 59 0
24 0 31
24 1 67
24 2 0
24 3 37
24 4 93
24 5 48
24 6 0
24 7 90
24 8 64
24 9 16
24 10 58
24 11 0
24 12 38
24 13 0
24 14 0
24 15 0
24 16 0
24 17 34
24 18 64
24 19 59
24 20 0
24 21 31
24 22 28
24 23 0
24 24 0
24 25 0
24 26 0
24 27 0
24 28 47
24 29 58
24 30 0
24 31 0
24 32 0
24 33 66
24 34 11
24 35 0
24 36 53
24 37 12
24 38 0
24 39 0
24 40 0
24 41 0
24 42 20
24 43 0
24 44 0
24 45 69
24 46 64
24 47 79
24 48 13
24 49 0
24 50 62
24 51 0
24 52 0
24 53 71
24 54 0
24 55 0
24 56 0
24 57 0
24 58 10
24 59 28
25 0 94
25 1 57
25 2 0
25 3 0
25 4 0
25 5 0
25 6 0
25 7 0
25 8 0
25 9 63
25 10 0
25 11 0
25 12 28
25 13 59
25 14 11
25 15 0
25 16 0
25 17 0
25 18 20
25 19 0
25 20 70
25 21 0
25 22 58
25 23 31
25 24 0
25 25 0
25 26 35
25 27 0
25 28 0
25 29 69
25 30 0
25 31 63
25 32 0
25 33 65
25 34 87
25 35 91
25 36 35
25 37 0
25 38 0
25 39 0
25 40 0
25 41 69
25 42 0
25 43 90
25 44 41
25 45 31
25 46 0
25 47 0
25 48 32
25 49 84
25 50 0
25 51 0
25 52 37
25 53 0
25 54 69
25 55 0
25 56 0
25 57 0
25 58 0
25 59 32
26 0 14
26 1 26
26 2 0
26 3 0
26 4 0
26 5 22
26 6 94
26 7 20
26 8 0
26 9 40
26 10 32
26 11 76
26 12 43
26 13 0
26 14 0
26 15 56
26 16 66
26 17 0
26 18 0
26 19 0
26 20 89
26 21 0
26 22 90
26 23 84
26 24 0
26 25 35
26 26 0
26 27 0
26 28 0
26 29 0
26 30 62
26 31 0
26 32 0
26 33 0
26 34 89
26 35 0
26 36 61
26 37 0
26 38 65
26 39 34
26 40 56
26 41 0
26 42 36
26 43 0
26 44 0
26 45 99
26 46 0
26 47 24
26 48 10
26 49 55
26 50 75
26 51 61
26 52 0
26 53 71
26 54 69
26 55 0
26 56 0
26 57 0
26 58 0
26 59 0
27 0 92
27 1 0
27 2 0
27 3 64
27 4 79
27 5 0
27 6 67
27 7 0
27 8 0
27 9 0
27 10 23
27 11 74
27 12 0
27 13 0
27 14 87
27 15 0
27 16 93
27 17 65
27 18 37
27 19 84
27 20 32
27 21 67
27 22 47
27 23 0
27 24 0
27 25 0
27 26 0
27 27 0
27 28 31
27 29 0
27 30 0
27 31 0
27 32 0
27 33 97
27 34 63
27 35 16
27 36 55
27 37 0
27 38 0
27 39 0
27 40 0
27 41 0
27 42 40
27 43 89
27 44 32
27 45 0
27 46 76
27 47 15
27 48 0
27 49 0
27 50 0
27 51 0
27 52 0
27 53 0
27 54 0
27 55 0
27 56 0
27 57 0
27 58 52
27 59 0
28 0 50
28 1 0
28 2 88
28 3 0
28 4 0
28 5 47
28 6 89
28 7 0
28 8 0
28 9 0
28 10 43
28 11 42
28 12 52
28 13 0
28 14 61
28 15 0
28 16 0
28 17 0
28 18 95
28 19 0
28 20 0
28 21 0
28 22 0
28 23 77
28 24 47
28 25 0
28 26 0
28 27 31
28 28 0
28 29 0
28 30 98
28 31 41
28 32 14
28 33 0
28 34 85
28 35 0
28 36 48
28 37 0
28 38 0
28 39 80
28 40 0
28 41 0
28 42 60
28 43 19
28 44 15
28 45 83
28 46 0
28 47 13
28 48 76
28 49 34
28 50 0
28 51 68
28 52 22
28 53 0
28 54 0
28 55 0
28 56 75
28 57 0
28 58 0
28 59 0
29 0 0
29 1 0
29 2 93
29 3 0
29 4 0
29 5 0
29 6 84
29 7 73
29 8 44
29 9 0
29 10 0
29 11 52
29 12 58
29 13 0
29 14 67
29 15 0
29 16 50
29 17 51
29 18 0
29 19 32
29 20 15
29 21 80
29 22 79
29 23 76
29 24 58
29 25 69
29 26 0
29 27 0
29 28 0
29 29 0
29 30 28
29 31 74
29 32 0
29 33 20
29 34 91
29 35 85
29 36 87
29 37 0
29 38 44
29 39 31
29 40 29
29 41 0
29 42 0
29 43 0
29 44 37
29 45 62
29 46 0
29 47 39
29 48 0
29 49 12
29 50 0
29 51 0
29 52 21
29 53 0
29 54 42
29 55 0
29 56 0
29 57 0
29 58 92
29 59 14
30 0 0
30 1 0
30 2 0
30 3 79
30 4 0
30 5 0
30 6 0
30 7 0
30 8 22
30 9 0
30 10 30
30 11 0
30 12 86
30 13 0
30 14 20
30 15 42
30 16 27
30 17 0
30 18 0
30 19 0
30 20 35
30 21 0
30 22 0
30 23 0
30 24 0
30 25 0
30 26 62
30 27 0
30 28 98
30 29 28
30 30 0
30 31 0
30 32 91
30 33 0
30 34 52
30 35 29
30 36 90
30 37 47
30 38 45
30 39 55
30 40 0
30 41 0
30 42 49
30 43 67
30 44 78
30 45 17
30 46 0
30 47 69
30 48 0
30 49 0
30 50 32
30 51 75
30 52 30
30 53 0
30 54 0
30 55 68
30 56 21
30 57 0
30 58 0
30 59 20
31 0 0
31 1 0
31 2 0
31 3 100
31 4 0
31 5 0
31 6 87
31 7 0
31 8 0
31 9 0
31 10 16
31 11 51
31 12 0
31 13 32
31 14 0
31 15 28
31 16 0
31 17 0
31 18 0
31 19 0
31 20 0
31 21 93
31 22 27
31 23 18
31 24 0
31 25 63
31 26 0
31 27 0
31 28 41
31 29 74
31 30 0
31 31 0
31 32 100
31 33 59
31 34 79
31 35 64
31 36 70
31 37 0
31 38 47
31 39 0
31 40 31
31 41 0
31 42 11
31 43 62
31 44 49
31 45 0
31 46 63
31 47 51
31 48 100
31 49 0
31 50 0
31 51 16
31 52 84
31 53 95
31 54 45
31 55 0
31 56 0
31 57 32
31 58 0
31 59 0
32 0 0
32 1 0
32 2 74
32 3 11
32 4 0
32 5 95
32 6 0
32 7 84
32 8 55
32 9 0
32 10 36
32 11 0
32 12 72
32 13 36
32 14 45
32 15 44
32 16 24
32 17 83
32 18 91
32 19 22
32 20 20
32 21 0
32 22 0
32 23 71
32 24 0
32 25 0
32 26 0
32 27 0
32 28 14
32 29 0
32 30 91
32 31 100
32 32 0
32 33 43
32 34 0
32 35 0
32 36 0
32 37 0
32 38 75
32 39 27
32 40 0
32 41 0
32 42 0
32 43 84
32 44 19
32 45 51
32 46 74
32 47 0
32 48 0
32 49 0
32 50 38
32 51 0
32 52 56
32 53 15
32 54 0
32 55 0
32 56 31
32 57 64
32 58 38
32 59 68
33 0 0
33 1 42
33 2 0
33 3 0
33 4 77
33 5 0
33 6 0
33 7 0
33 8 0
33 9 79
33 10 0
33 11 73
33 12 89
33 13 0
33 14 0
33 15 0
33 16 0
33 17 0
33 18 64
33 19 0
33 20 77
33 21 19
33 22 0
33 23 0
33 24 66
33 25 65
33 26 0
33 27 97
33 28 0
33 29 20
33 30 0
33 31 59
33 32 43
33 33 0
33 34 0
33 35 91
33 36 0
33 37 46
33 38 0
33 39 0
33 40 94
33 41 13
33 42 16
33 43 50
33 44 76
33 45 0
33 46 52
33 47 15
33 48 0
33 49 0
33 50 31
33 51 0
33 52 51
33 53 0
33 54 0
33 55 80
33 56 0
33 57 61
33 58 0
33 59 0
34 0 77
34 1 0
34 2 71
34 3 49
34 4 34
34 5 0
34 6 0
34 7 0
34 8 54
34 9 74
34 10 60
34 11 0
34 12 63
34 13 68
34 14 67
34 15 0
34 16 30
34 17 48
34 18 63
34 19 20
34 20 0
34 21 0
34 22 15
34 23 33
34 24 11
34 25 87
34 26 89
34 27 63
34 28 85
34 29 91
34 30 52
34 31 79
34 32 0
34 33 0
34 34 0
34 35 30
34 36 89
34 37 14
34 38 0
34 39 0
34 40 58
34 41 0
34 42 32
34 43 11
34 44 0
34 45 0
34 46 0
34 47 0
34 48 0
34 49 0
34 50 0
34 51 0
34 52 80
34 53 0
34 54 51
34 55 0
34 56 61
34 57 53
34 58 0
34 59 0
35 0 0
35 1 0
35 2 0
35 3 0
35 4 63
35 5 57
35 6 0
35 7 75
35 8 0
35 9 0
35 10 0
35 11 51
35 12 0
35 13 0
35 14 70
35 15 67
35 16 0
35 17 34
35 18 89
35 19 86
35 20 0
35 21 0
35 22 51
35 23 90
35 24 0
35 25 91
35 26 0
35 27 16
35 28 0
35 29 85
35 30 29
35 31 64
35 32 0
35 33 91
35 34 30
35 35 0
35 36 0
35 37 41
35 38 0
35 39 0
35 40 0
35 41 43
35 42 77
35 43 0
35 44 0
35 45 0
35 46 0
35 47 95
35 48 51
35 49 84
35 50 0
35 51 0
35 52 91
35 53 18
35 54 0
35 55 15
35 56 0
35 57 66
35 58 0
35 59 0
36 0 0
36 1 24
36 2 84
36 3 45
36 4 0
36 5 19
36 6 0
36 7 75
36 8 0
36 9 76
36 10 56
36 11 22
36 12 0
36 13 69
36 14 17
36 15 83
36 16 0
36 17 0
36 18 0
36 19 0
36 20 30
36 21 0
36 22 22
36 23 0
36 24 53
36 25 35
36 26 61
36 27 55
36 28 48
36 29 87
36 30 90
36 31 70
36 32 0
36 33 0
36 34 89
36 35 0
36 36 0
36 37 0
36 38 17
36 39 0
36 40 74
36 41 46
36 42 0
36 43 54
36 44 54
36 45 44
36 46 0
36 47 13
36 48 15
36 49 17
36 50 0
36 51 88
36 52 0
36 53 0
36 54 33
36 55 0
36 56 72
36 57 83
36 58 0
36 59 0
37 0 75
37 1 38
37 2 0
37 3 0
37 4 92
37 5 0
37 6 88
37 7 86
37 8 31
37 9 37
37 10 64
37 11 0
37 12 0
37 13 0
37 14 0
37 15 0
37 16 0
37 17 0
37 18 59
37 19 0
37 20 55
37 21 71
37 22 73
37 23 48
37 24 12
37 25 0
37 26 0
37 27 0
37 28 0
37 29 0
37 30 47
37 31 0
37 32 0
37 33 46
37 34 14
37 35 41
37 36 0
37 37 0
37 38 0
37 39 0
37 40 12
37 41 83
37 42 0
37 43 0
37 44 0
37 45 0
37 46 57
37 47 39
37 48 42
37 49 0
37 50 53
37 51 0
37 52 0
37 53 70
37 54 17
37 55 72
37 56 16
37 57 68
37 58 27
37 59 0
38 0 0
38 1 98
38 2 0
38 3 0
38 4 0
38 5 0
38 6 0
38 7 0
38 8 37
38 9 69
38 10 24
38 11 0
38 12 0
38 13 25
38 14 23
38 15 0
38 16 87
38 17 30
38 18 0
38 19 67
38 20 0
38 21 0
38 22 52
38 23 48
38 24 0
38 25 0
38 26 65
38 27 0
38 28 0
38 29 44
38 30 45
38 31 47
38 32 75
38 33 0
38 34 0
38 35 0
38 36 17
38 37 0
38 38 0
38 39 0
38 40 29
38 41 56
38 42 82
38 43 0
38 44 85
38 45 33
38 46 42
38 47 0
38 48 0
38 49 0
38 50 0
38 51 0
38 52 21
38 53 0
38 54 0
38 55 17
38 56 0
38 57 0
38 58 0
38 59 0
39 0 0
39 1 14
39 2 98
39 3 0
39 4 0
39 5 0
39 6 99
39 7 0
39 8 0
39 9 40
39 10 0
39 11 34
39 12 0
39 13 0
39 14 0
39 15 0
39 16 62
39 17 42
39 18 49
39 19 0
39 20 84
39 21 0
39 22 0
39 23 70
39 24 0
39 25 0
39 26 34
39 27 0
39 28 80
39 29 31
39 30 55
39 31 0
39 32 27
39 33 0
39 34 0
39 35 0
39 36 0
39 37 0
39 38 0
39 39 0
39 40 44
39 41 0
39 42 89
39 43 96
39 44 0
39 45 0
39 46 69
39 47 0
39 48 30
39 49 0
39 50 47
39 51 82
39 52 45
39 53 63
39 54 37
39 55 0
39 56 52
39 57 43
39 58 12
39 59 0
40 0 0
40 1 36
40 2 54
40 3 96
40 4 0
40 5 39
40 6 22
40 7 57
40 8 43
40 9 20
40 10 26
40 11 46
40 12 0
40 13 0
40 14 42
40 15 0
40 16 0
40 17 0
40 18 0
40 19 29
40 20 30
40 21 0
40 22 15
40 23 0
40 24 0
40 25 0
40 26 56
40 27 0
40 28 0
40 29 29
40 30 0
40 31 31
40 32 0
40 33 94
40 34 58
40 35 0
40 36 74
40 37 12
40 38 29
40 39 44
40 40 0
40 41 64
40 42 95
40 43 0
40 44 54
40 45 26
40 46 0
40 47 0
40 48 21
40 49 45
40 50 82
40 51 60
40 52 41
40 53 87
40 54 18
40 55 86
40 56 68
40 57 63
40 58 0
40 59 30
41 0 0
41 1 0
41 2 0
41 3 0
41 4 0
41 5 0
41 6 0
41 7 0
41 8 0
41 9 69
41 10 0
41 11 0
41 12 48
41 13 0
41 14 0
41 15 0
41 16 0
41 17 34
41 18 96
41 19 86
41 20 82
41 21 29
41 22 0
41 23 0
41 24 0
41 25 69
41 26 0
41 27 0
41 28 0
41 29 0
41 30 0
41 31 0
41 32 0
41 33 13
41 34 0
41 35 43
41 36 46
41 37 83
41 38 56
41 39 0
41 40 64
41 41 0
41 42 0
41 43 63
41 44 60
41 45 0
41 46 0
41 47 44
41 48 82
41 49 49
41 50 31
41 51 0
41 52 64
41 53 0
41 54 0
41 55 0
41 56 0
41 57 85
41 58 0
41 59 75
42 0 75
42 1 87
42 2 46
42 3 73
42 4 17
42 5 54
42 6 0
42 7 51
42 8 54
42 9 35
42 10 26
42 11 43
42 12 0
42 13 46
42 14 0
42 15 0
42 16 59
42 17 81
42 18 11
42 19 0
42 20 0
42 21 78
42 22 0
42 23 0
42 24 20
42 25 0
42 26 36
42 27 40
42 28 60
42 29 0
42 30 49
42 31 11
42 32 0
42 33 16
42 34 32
42 35 77
42 36 0
42 37 0
42 38 82
42 39 89
42 40 95
42 41 0
42 42 0
42 43 0
42 44 0
42 45 32
42 46 0
42 47 69
42 48 82
42 49 51
42 50 0
42 51 85
42 52 0
42 53 0
42 54 69
42 55 94
42 56 98
42 57 43
42 58 0
42 59 82
43 0 0
43 1 0
43 2 0
43 3 42
43 4 47
43 5 52
43 6 0
43 7 37
43 8 0
43 9 0
43 10 56
43 11 15
43 12 0
43 13 12
43 14 0
43 15 22
43 16 42
43 17 0
43 18 0
43 19 99
43 20 0
43 21 0
43 22 12
43 23 55
43 24 0
43 25 90
43 26 0
43 27 89
43 28 19
43 29 0
43 30 67
43 31 62
43 32 84
43 33 50
43 34 11
43 35 0
43 36 54
43 37 0
43 38 0
43 39 96
43 40 0
43 41 63
43 42 0
43 43 0
43 44 43
43 45 0
43 46 45
43 47 0
43 48 0
43 49 38
43 50 44
43 51 54
43 52 59
43 53 0
43 54 49
43 55 24
43 56 52
43 57 52
43 58 46
43 59 67
44 0 11
44 1 86
44 2 0
44 3 96
44 4 0
44 5 0
44 6 0
44 7 71
44 8 0
44 9 71
44 10 53
44 11 39
44 12 35
44 13 47
44 14 0
44 15 93
44 16 38
44 17 0
44 18 34
44 19 84
44 20 10
44 21 0
44 22 0
44 23 0
44 24 0
44 25 41
44 26 0
44 27 32
44 28 15
44 29 37
44 30 78
44 31 49
44 32 19
44 33 76
44 34 0
44 35 0
44 36 54
44 37 0
44 38 85
44 39 0
44 40 54
44 41 60
44 42 0
44 43 43
44 44 0
44 45 38
44 46 0
44 47 76
44 48 0
44 49 23
44 50 57
44 51 53
44 52 36
44 53 89
44 54 96
44 55 100
44 56 0
44 57 85
44 58 0
44 59 47
45 0 0
45 1 0
45 2 0
45 3 41
45 4 0
45 5 0
45 6 0
45 7 0
45 8 0
45 9 87
45 10 32
45 11 64
45 12 0
45 13 81
45 14 0
45 15 32
45 16 40
45 17 0
45 18 55
45 19 0
45 20 0
45 21 0
45 22 0
45 23 83
45 24 69
45 25 31
45 26 99
45 27 0
45 28 83
45 29 62
45 30 17
45 31 0
45 32 51
45 33 0
45 34 0
45 35 0
45 36 44
45 37 0
45 38 33
45 39 0
45 40 26
45 41 0
45 42 32
45 43 0
45 44 38
45 45 0
45 46 98
45 47 0
45 48 51
45 49 69
45 50 69
45 51 0
45 52 0
45 53 0
45 54 69
45 55 0
45 56 55
45 57 0
45 58 50
45 59 99
46 0 52
46 1 0
46 2 28
46 3 0
46 4 33
46 5 70
46 6 0
46 7 0
46 8 42
46 9 71
46 10 10
46 11 35
46 12 90
46 13 0
46 14 0
46 15 0
46 16 83
46 17 0
46 18 0
46 19 63
46 20 0
46 21 39
46 22 0
46 23 0
46 24 64
46 25 0
46 26 0
46 27 76
46 28 0
46 29 0
46 30 0
46 31 63
46 32 74
46 33 52
46 34 0
46 35 0
46 36 0
46 37 57
46 38 42
46 39 69
46 40 0
46 41 0
46 42 0
46 43 45
46 44 0
46 45 98
46 46 0
46 47 13
46 48 50
46 49 0
46 50 0
46 51 58
46 52 96
46 53 83
46 54 0
46 55 89
46 56 76
46 57 0
46 58 0
46 59 95
47 0 77
47 1 0
47 2 0
47 3 46
47 4 32
47 5 0
47 6 13
47 7 60
47 8 13
47 9 0
47 10 16
47 11 0
47 12 30
47 13 61
47 14 54
47 15 0
47 16 94
47 17 74
47 18 0
47 19 0
47 20 96
47 21 43
47 22 59
47 23 0
47 24 79
47 25 0
47 26 24
47 27 15
47 28 13
47 29 39
47 30 69
47 31 51
47 32 0
47 33 15
47 34 0
47 35 95
47 36 13
47 37 39
47 38 0
47 39 0
47 40 0
47 41 44
47 42 69
47 43 0
47 44 76
47 45 0
47 46 13
47 47 0
47 48 0
47 49 41
47 50 0
47 51 88
47 52 19
47 53 93
47 54 38
47 55 0
47 56 0
47 57 0
47 58 36
47 59 0
48 0 48
48 1 81
48 2 53
48 3 94
48 4 0
48 5 92
48 6 0
48 7 85
48 8 0
48 9 74
48 10 31
48 11 0
48 12 98
48 13 0
48 14 0
48 15 94
48 16 15
48 17 53
48 18 70
48 19 0
48 20 0
48 21 57
48 22 0
48 23 0
48 24 13
48 25 32
48 26 10
48 27 0
48 28 76
48 29 0
48 30 0
48 31 100
48 32 0
48 33 0
48 34 0
48 35 51
48 36 15
48 37 42
48 38 0
48 39 30
48 40 21
48 41 82
48 42 82
48 43 0
48 44 0
48 45 51
48 46 50
48 47 0
48 48 0
48 49 0
48 50 26
48 51 0
48 52 0
48 53 89
48 54 59
48 55 0
48 56 77
48 57 0
48 58 0
48 59 74
49 0 85
49 1 56
49 2 36
49 3 0
49 4 78
49 5 56
49 6 69
49 7 0
49 8 91
49 9 0
49 10 0
49 11 44
49 12 0
49 13 82
49 14 51
49 15 34
49 16 47
49 17 48
49 18 0
49 19 0
49 20 0
49 21 0
49 22 0
49 23 35
49 24 0
49 25 84
49 26 55
49 27 0
49 28 34
49 29 12
49 30 0
49 31 0
49 32 0
49 33 0
49 34 0
49 35 84
49 36 17
49 37 0
49 38 0
49 39 0
49 40 45
49 41 49
49 42 51
49 43 38
49 44 23
49 45 69
49 46 0
49 47 41
49 48 0
49 49 0
49 50 27
49 51 48
49 52 0
49 53 43
49 54 0
49 55 39
49 56 92
49 57 0
49 58 0
49 59 40
50 0 0
50 1 39
50 2 0
50 3 0
50 4 0
50 5 43
50 6 0
50 7 0
50 8 0
50 9 68
50 10 18
50 11 14
50 12 89
50 13 60
50 14 43
50 15 0
50 16 35
50 17 0
50 18 0
50 19 0
50 20 94
50 21 12
50 22 42
50 23 0
50 24 62
50 25 0
50 26 75
50 27 0
50 28 0
50 29 0
50 30 32
50 31 0
50 32 38
50 33 31
50 34 0
50 35 0
50 36 0
50 37 53
50 38 0
50 39 47
50 40 82
50 41 31
50 42 0
50 43 44
50 44 57
50 45 69
50 46 0
50 47 0
50 48 26
50 49 27
50 50 0
50 51 51
50 52 100
50 53 13
50 54 0
50 55 80
50 56 0
50 57 72
50 58 0
50 59 87
51 0 0
51 1 0
51 2 0
51 3 27
51 4 68
51 5 70
51 6 34
51 7 0
51 8 66
51 9 56
51 10 55
51 11 26
51 12 0
51 13 0
51 14 42
51 15 20
51 16 0
51 17 56
51 18 0
51 19 0
51 20 59
51 21 98
51 22 35
51 23 0
51 24 0
51 25 0
51 26 61
51 27 0
51 28 68
51 29 0
51 30 75
51 31 16
51 32 0
51 33 0
51 34 0
51 35 0
51 36 88
51 37 0
51 38 0
51 39 82
51 40 60
51 41 0
51 42 85
51 43 54
51 44 53
51 45 0
51 46 58
51 47 88
51 48 0
51 49 48
51 50 51
51 51 0
51 52 12
51 53 0
51 54 94
51 55 0
51 56 0
51 57 17
51 58 93
51 59 0
52 0 0
52 1 0
52 2 0
52 3 95
52 4 61
52 5 54
52 6 84
52 7 10
52 8 0
52 9 0
52 10 21
52 11 79
52 12 27
52 13 87
52 14 0
52 15 0
52 16 54
52 17 71
52 18 29
52 19 0
52 20 0
52 21 56
52 22 67
52 23 35
52 24 0
52 25 37
52 26 0
52 27 0
52 28 22
52 29 21
52 30 30
52 31 84
52 32 56
52 33 51
52 34 80
52 35 91
52 36 0
52 37 0
52 38 21
52 39 45
52 40 41
52 41 64
52 42 0
52 43 59
52 44 36
52 45 0
52 46 96
52 47 19
52 48 0
52 49 0
52 50 100
52 51 12
52 52 0
52 53 0
52 54 0
52 55 0
52 56 75
52 57 46
52 58 23
52 59 0
53 0 69
53 1 19
53 2 0
53 3 0
53 4 0
53 5 32
53 6 19
53 7 0
53 8 0
53 9 75
53 10 72
53 11 90
53 12 0
53 13 0
53 14 0
53 15 0
53 16 0
53 17 15
53 18 0
53 19 0
53 20 51
53 21 83
53 22 75
53 23 79
53 24 71
53 25 0
53 26 71
53 27 0
53 28 0
53 29 0
53 30 0
53 31 95
53 32 15
53 33 0
53 34 0
53 35 18
53 36 0
53 37 70
53 38 0
53 39 63
53 40 87
53 41 0
53 42 0
53 43 0
53 44 89
53 45 0
53 46 83
53 47 93
53 48 89
53 49 43
53 50 13
53 51 0
53 52 0
53 53 0
53 54 22
53 55 84
53 56 0
53 57 0
53 58 72
53 59 69
54 0 0
54 1 0
54 2 89
54 3 98
54 4 0
54 5 0
54 6 0
54 7 0
54 8 69
54 9 0
54 10 0
54 11 0
54 12 17
54 13 90
54 14 0
54 15 0
54 16 97
54 17 99
54 18 50
54 19 21
54 20 93
54 21 0
54 22 12
54 23 61
54 24 0
54 25 69
54 26 69
54 27 0
54 28 0
54 29 42
54 30 0
54 31 45
54 32 0
54 33 0
54 34 51
54 35 0
54 36 33
54 37 17
54 38 0
54 39 37
54 40 18
54 41 0
54 42 69
54 43 49
54 44 96
54 45 69
54 46 0
54 47 38
54 48 59
54 49 0
54 50 0
54 51 94
54 52 0
54 53 22
54 54 0
54 55 0
54 56 0
54 57 0
54 58 0
54 59 99
55 0 0
55 1 65
55 2 0
55 3 72
55 4 35
55 5 38
55 6 0
55 7 0
55 8 0
55 9 0
55 10 0
55 11 0
55 12 87
55 13 93
55 14 43
55 15 0
55 16 0
55 17 40
55 18 0
55 19 0
55 20 0
55 21 26
55 22 0
55 23 19
55 24 0
55 25 0
55 26 0
55 27 0
55 28 0
55 29 0
55 30 68
55 31 0
55 32 0
55 33 80
55 34 0
55 35 15
55 36 0
55 37 72
55 38 17
55 39 0
55 40 86
55 41 0
55 42 94
55 43 24
55 44 100
55 45 0
55 46 89
55 47 0
55 48 0
55 49 39
55 50 80
55 51 0
55 52 0
55 53 84
55 54 0
55 55 0
55 56 73
55 57 29
55 58 0
55 59 0
56 0 0
56 1 0
56 2 49
56 3 0
56 4 0
56 5 0
56 6 0
56 7 0
56 8 0
56 9 24
56 10 0
56 11 65
56 12 0
56 13 94
56 14 0
56 15 99
56 16 0
56 17 0
56 18 0
56 19 62
56 20 65
56 21 21
56 22 0
56 23 0
56 24 0
56 25 0
56 26 0
56 27 0
56 28 75
56 29 0
56 30 21
56 31 0
56 32 31
56 33 0
56 34 61
56 35 0
56 36 72
56 37 16
56 38 0
56 39 52
56 40 68
56 41 0
56 42 98
56 43 52
56 44 0
56 45 55
56 46 76
56 47 0
56 48 77
56 49 92
56 50 0
56 51 0
56 52 75
56 53 0
56 54 0
56 55 73
56 56 0
56 57 20
56 58 0
56 59 0
57 0 0
57 1 16
57 2 0
57 3 97
57 4 0
57 5 0
57 6 20
57 7 99
57 8 49
57 9 19
57 10 44
57 11 0
57 12 0
57 13 0
57 14 0
57 15 0
57 16 28
57 17 31
57 18 0
57 19 47
57 20 92
57 21 49
57 22 0
57 23 72
57 24 0
57 25 0
57 26 0
57 27 0
57 28 0
57 29 0
57 30 0
57 31 32
57 32 64
57 33 61
57 34 53
57 35 66
57 36 83
57 37 68
57 38 0
57 39 43
57 40 63
57 41 85
57 42 43
57 43 52
57 44 85
57 45 0
57 46 0
57 47 0
57 48 0
57 49 0
57 50 72
57 51 17
57 52 46
57 53 0
57 54 0
57 55 29
57 56 20
57 57 0
57 58 90
57 59 0
58 0 58
58 1 40
58 2 49
58 3 0
58 4 0
58 5 0
58 6 58
58 7 0
58 8 0
58 9 0
58 10 85
58 11 44
58 12 64
58 13 35
58 14 47
58 15 83
58 16 85
58 17 85
58 18 93
58 19 0
58 20 89
58 21 0
58 22 0
58 23 70
58 24 10
58 25 0
58 26 0
58 27 52
58 28 0
58 29 92
58 30 0
58 31 0
58 32 38
58 33 0
58 34 0
58 35 0
58 36 0
58 37 27
58 38 0
58 39 12
58 40 0
58 41 0
58 42 0
58 43 46
58 44 0
58 45 50
58 46 0
58 47 36
58 48 0
58 49 0
58 50 0
58 51 93
58 52 23
58 53 72
58 54 0
58 55 0
58 56 0
58 57 90
58 58 0
58 59 0
59 0 0
59 1 0
59 2 90
59 3 84
59 4 0
59 5 76
59 6 0
59 7 68
59 8 81
59 9 28
59 10 0
59 11 0
59 12 97
59 13 0
59 14 73
59 15 0
59 16 77
59 17 0
59 18 100
59 19 0
59 20 69
59 21 97
59 22 84
59 23 0
59 24 28
59 25 32
59 26 0
59 27 0
59 28 0
59 29 14
59 30 20
59 31 0
59 32 68
59 33 0
59 34 0
59 35 0
59 36 0
59 37 0
59 38 0
59 39 0
59 40 30
59 41 75
59 42 82
59 43 67
59 44 47
59 45 99
59 46 95
59 47 0
59 48 74
59 49 40
59 50 87
59 51 0
59 52 0
59 53 69
59 54 99
59 55 0
59 56 0
59 57 0
59 58 0
59 59 0
