70
0 0 0
0 1 29
0 2 84
0 3 61
0 4 0
0 5 0
0 6 53
0 7 42
0 8 86
0 9 72
0 10 77
0 11 0
0 12 0
0 13 57
0 14 26
0 15 0
0 16 26
0 17 0
0 18 21
0 19 26
0 20 0
0 21 64
0 22 76
0 23 0
0 24 0
0 25 0
0 26 0
0 27 0
0 28 0
0 29 0
0 30 95
0 31 0
0 32 0
0 33 0
0 34 0
0 35 0
0 36 98
0 37 0
0 38 0
0 39 0
0 40 92
0 41 0
0 42 77
0 43 40
0 44 29
0 45 49
0 46 0
0 47 0
0 48 66
0 49 0
0 50 65
0 51 21
0 52 0
0 53 0
0 54 0
0 55 51
0 56 37
0 57 17
0 58 65
0 59 80
0 60 0
0 61 24
0 62 0
0 63 20
0 64 49
0 65 16
0 66 43
0 67 23
0 68 19
0 69 96
1 0 29
1 1 0
1 2 80
1 3 91
1 4 67
1 5 0
1 6 0
1 7 0
1 8 0
1 9 98
1 10 67
1 11 41
1 12 74
1 13 94
1 14 75
1 15 0
1 16 60
1 17 37
1 18 0
1 19 0
1 20 0
1 21 89
1 22 11
1 23 0
1 24 13
1 25 17
1 26 47
1 27 82
1 28 61
1 29 31
1 30 0
1 31 0
1 32 81
1 33 0
1 34 23
1 35 40
1 36 0
1 37 49
1 38 0
1 39 0
1 40 0
1 41 0
1 42 0
1 43 39
1 44 51
1 45 0
1 46 95
1 47 55
1 48 0
1 49 38
1 50 0
1 51 0
1 52 0
1 53 74
1 54 0
1 55 0
1 56 45
1 57 0
1 58 45
1 59 16
1 60 99
1 61 13
1 62 14
1 63 0
1 64 0
1 65 16
1 66 59
1 67 88
1 68 0
1 69 0
2 0 84
2 1 80
2 2 0
2 3 0
2 4 80
2 5 21
2 6 90
2 7 0
2 8 0
2 9 100
2 10 0
2 11 0
2 12 86
2 13 37
2 14 0
2 15 100
2 16 72
2 17 44
2 18 44
2 19 92
2 20 0
2 21 0
2 22 13
2 23 12
2 24 0
2 25 96
2 26 0
2 27 0
2 28 0
2 29 0
2 30 0
2 31 20
2 32 0
2 33 39
2 34 0
2 35 60
2 36 0
2 37 31
2 38 17
2 39 0
2 40 91
2 41 60
2 42 43
2 43 61
2 44 80
2 45 55
2 46 94
2 47 68
2 48 61
2 49 0
2 50 0
2 51 0
2 52 32
2 53 33
2 54 0
2 55 75
2 56 0
2 57 36
2 58 22
2 59 0
2 60 0
2 61 0
2 62 77
2 63 0
2 64 0
2 65 0
2 66 66
2 67 66
2 68 96
2 69 0
3 0 61
3 1 91
3 2 0
3 3 0
3 4 25
3 5 0
3 6 93
3 7 88
3 8 61
3 9 0
3 10 62
3 11 29
3 12 0
3 13 81
3 14 0
3 15 86
3 16 45
3 17 0
3 18 0
3 19 12
3 20 60
3 21 71
3 22 96
3 23 30
3 24 16
3 25 0
3 26 0
3 27 0
3 28 0
3 29 68
3 30 75
3 31 0
3 32 96
3 33 96
3 34 60
3 35 0
3 36 32
3 37 79
3 38 0
3 39 87
3 40 0
3 41 46
3 42 0
3 43 0
3 44 93
3 45 0
3 46 27
3 47 18
3 48 0
3 49 0
3 50 38
3 51 37
3 52 69
3 53 15
3 54 0
3 55 38
3 56 0
3 57 98
3 58 0
3 59 0
3 60 0
3 61 0
3 62 25
3 63 83
3 64 0
3 65 0
3 66 23
3 67 0
3 68 32
3 69 0
4 0 0
4 1 67
4 2 80
4 3 25
4 4 0
4 5 0
4 6 67
4 7 0
4 8 45
4 9 0
4 10 0
4 11 0
4 12 57
4 13 0
4 14 0
4 15 0
4 16 87
4 17 0
4 18 0
4 19 0
4 20 59
4 21 0
4 22 19
4 23 0
4 24 0
4 25 0
4 26 0
4 27 0
4 28 15
4 29 45
4 30 0
4 31 0
4 32 0
4 33 54
4 34 96
4 35 70
4 36 36
4 37 0
4 38 0
4 39 0
4 40 0
4 41 83
4 42 28
4 43 0
4 44 0
4 45 0
4 46 0
4 47 0
4 48 43
4 49 0
4 50 15
4 51 0
4 52 13
4 53 71
4 54 51
4 55 41
4 56 0
4 57 0
4 58 64
4 59 0
4 60 0
4 61 89
4 62 0
4 63 0
4 64 0
4 65 61
4 66 0
4 67 0
4 68 0
4 69 20
5 0 0
5 1 0
5 2 21
5 3 0
5 4 0
5 5 0
5 6 0
5 7 0
5 8 0
5 9 25
5 10 16
5 11 11
5 12 0
5 13 84
5 14 34
5 15 0
5 16 0
5 17 45
5 18 0
5 19 77
5 20 0
5 21 0
5 22 59
5 23 0
5 24 27
5 25 0
5 26 76
5 27 30
5 28 88
5 29 0
5 30 0
5 31 48
5 32 91
5 33 58
5 34 30
5 35 0
5 36 0
5 37 0
5 38 0
5 39 51
5 40 0
5 41 50
5 42 25
5 43 0
5 44 40
5 45 95
5 46 0
5 47 0
5 48 0
5 49 61
5 50 0
5 51 0
5 52 0
5 53 48
5 54 18
5 55 0
5 56 59
5 57 64
5 58 79
5 59 0
5 60 0
5 61 0
5 62 0
5 63 20
5 64 0
5 65 0
5 66 0
5 67 0
5 68 64
5 69 90
6 0 53
6 1 0
6 2 90
6 3 93
6 4 67
6 5 0
6 6 0
6 7 75
6 8 0
6 9 94
6 10 0
6 11 28
6 12 0
6 13 0
6 14 60
6 15 0
6 16 56
6 17 0
6 18 80
6 19 28
6 20 0
6 21 0
6 22 73
6 23 50
6 24 77
6 25 43
6 26 0
6 27 44
6 28 0
6 29 36
6 30 75
6 31 0
6 32 74
6 33 54
6 34 0
6 35 0
6 36 0
6 37 0
6 38 60
6 39 16
6 40 59
6 41 0
6 42 0
6 43 27
6 44 78
6 45 0
6 46 0
6 47 15
6 48 87
6 49 52
6 50 64
6 51 0
6 52 0
6 53 0
6 54 62
6 55 81
6 56 0
6 57 64
6 58 49
6 59 0
6 60 0
6 61 0
6 62 54
6 63 50
6 64 38
6 65 0
6 66 14
6 67 0
6 68 81
6 69 0
7 0 42
7 1 0
7 2 0
7 3 88
7 4 0
7 5 0
7 6 75
7 7 0
7 8 0
7 9 13
7 10 92
7 11 20
7 12 68
7 13 98
7 14 0
7 15 36
7 16 0
7 17 0
7 18 0
7 19 28
7 20 85
7 21 0
7 22 97
7 23 60
7 24 0
7 25 69
7 26 0
7 27 64
7 28 0
7 29 85
7 30 93
7 31 87
7 32 0
7 33 0
7 34 88
7 35 0
7 36 62
7 37 34
7 38 0
7 39 50
7 40 0
7 41 0
7 42 75
7 43 0
7 44 75
7 45 46
7 46 0
7 47 84
7 48 0
7 49 40
7 50 0
7 51 50
7 52 82
7 53 93
7 54 31
7 55 94
7 56 81
7 57 0
7 58 0
7 59 80
7 60 48
7 61 100
7 62 24
7 63 54
7 64 55
7 65 0
7 66 67
7 67 59
7 68 0
7 69 0
8 0 86
8 1 0
8 2 0
8 3 61
8 4 45
8 5 0
8 6 0
8 7 0
8 8 0
8 9 0
8 10 48
8 11 75
8 12 62
8 13 0
8 14 0
8 15 0
8 16 0
8 17 72
8 18 74
8 19 94
8 20 0
8 21 60
8 22 0
8 23 34
8 24 0
8 25 0
8 26 0
8 27 87
8 28 0
8 29 43
8 30 71
8 31 0
8 32 0
8 33 0
8 34 0
8 35 0
8 36 0
8 37 0
8 38 0
8 39 0
8 40 0
8 41 67
8 42 63
8 43 30
8 44 0
8 45 43
8 46 95
8 47 0
8 48 0
8 49 0
8 50 0
8 51 0
8 52 38
8 53 0
8 54 57
8 55 57
8 56 0
8 57 0
8 58 0
8 59 0
8 60 43
8 61 0
8 62 0
8 63 0
8 64 81
8 65 0
8 66 0
8 67 35
8 68 0
8 69 42
9 0 72
9 1 98
9 2 100
9 3 0
9 4 0
9 5 25
9 6 94
9 7 13
9 8 0
9 9 0
9 10 0
9 11 0
9 12 0
9 13 0
9 14 0
9 15 0
9 16 61
9 17 0
9 18 0
9 19 74
9 20 0
9 21 0
9 22 0
9 23 0
9 24 0
9 25 0
9 26 0
9 27 20
9 28 0
9 29 0
9 30 0
9 31 79
9 32 39
9 33 54
9 34 61
9 35 19
9 36 0
9 37 0
9 38 82
9 39 37
9 40 66
9 41 64
9 42 11
9 43 43
9 44 0
9 45 89
9 46 86
9 47 12
9 48 66
9 49 85
9 50 0
9 51 0
9 52 66
9 53 0
9 54 0
9 55 76
9 56 0
9 57 43
9 58 83
9 59 0
9 60 0
9 61 45
9 62 16
9 63 0
9 64 0
9 65 83
9 66 71
9 67 60
9 68 50
9 69 28
10 0 77
10 1 67
10 2 0
10 3 62
10 4 0
10 5 16
10 6 0
10 7 92
10 8 48
10 9 0
10 10 0
10 11 81
10 12 0
10 13 98
10 14 0
10 15 62
10 16 24
10 17 90
10 18 0
10 19 0
10 20 46
10 21 0
10 22 0
10 23 51
10 24 65
10 25 66
10 26 0
10 27 94
10 28 88
10 29 96
10 30 22
10 31 71
10 32 0
10 33 49
10 34 0
10 35 41
10 36 26
10 37 0
10 38 56
10 39 0
10 40 0
10 41 45
10 42 0
10 43 55
10 44 10
10 45 0
10 46 0
10 47 0
10 48 0
10 49 43
10 50 0
10 51 0
10 52 0
10 53 27
10 54 0
10 55 25
10 56 59
10 57 18
10 58 52
10 59 50
10 60 86
10 61 0
10 62 97
10 63 0
10 64 0
10 65 80
10 66 79
10 67 51
10 68 41
10 69 0
11 0 0
11 1 41
11 2 0
11 3 29
11 4 0
11 5 11
11 6 28
11 7 20
11 8 75
11 9 0
11 10 81
11 11 0
11 12 0
11 13 0
11 14 0
11 15 0
11 16 64
11 17 28
11 18 53
11 19 0
11 20 0
11 21 63
11 22 47
11 23 84
11 24 0
11 25 0
11 26 39
11 27 0
11 28 12
11 29 0
11 30 0
11 31 20
11 32 0
11 33 41
11 34 68
11 35 61
11 36 98
11 37 58
11 38 0
11 39 37
11 40 48
11 41 49
11 42 0
11 43 32
11 44 0
11 45 71
11 46 0
11 47 44
11 48 0
11 49 88
11 50 70
11 51 97
11 52 0
11 53 12
11 54 84
11 55 0
11 56 0
11 57 0
11 58 10
11 59 34
11 60 89
11 61 36
11 62 0
11 63 59
11 64 37
11 65 71
11 66 0
11 67 0
11 68 0
11 69 0
12 0 0
12 1 74
12 2 86
12 3 0
12 4 57
12 5 0
12 6 0
12 7 68
12 8 62
12 9 0
12 10 0
12 11 0
12 12 0
12 13 0
12 14 92
12 15 89
12 16 0
12 17 0
12 18 78
12 19 0
12 20 32
12 21 0
12 22 0
12 23 29
12 24 57
12 25 24
12 26 24
12 27 0
12 28 0
12 29 0
12 30 0
12 31 63
12 32 0
12 33 0
12 34 0
12 35 33
12 36 0
12 37 19
12 38 0
12 39 0
12 40 70
12 41 70
12 42 0
12 43 74
12 44 0
12 45 26
12 46 0
12 47 52
12 48 0
12 49 0
12 50 0
12 51 0
12 52 48
12 53 78
12 54 0
12 55 0
12 56 0
12 57 47
12 58 0
12 59 0
12 60 0
12 61 0
12 62 0
12 63 0
12 64 56
12 65 38
12 66 0
12 67 0
12 68 0
12 69 33
13 0 57
13 1 94
13 2 37
13 3 81
13 4 0
13 5 84
13 6 0
13 7 98
13 8 0
13 9 0
13 10 98
13 11 0
13 12 0
13 13 0
13 14 51
13 15 0
13 16 37
13 17 0
13 18 43
13 19 34
13 20 16
13 21 72
13 22 98
13 23 29
13 24 0
13 25 0
13 26 0
13 27 0
13 28 18
13 29 25
13 30 0
13 31 0
13 32 56
13 33 0
13 34 65
13 35 38
13 36 75
13 37 0
13 38 0
13 39 0
13 40 46
13 41 69
13 42 0
13 43 83
13 44 38
13 45 19
13 46 0
13 47 0
13 48 0
13 49 0
13 50 0
13 51 0
13 52 0
13 53 0
13 54 0
13 55 47
13 56 0
13 57 0
13 58 0
13 59 68
13 60 71
13 61 0
13 62 0
13 63 23
13 64 0
13 65 100
13 66 0
13 67 17
13 68 51
13 69 0
14 0 26
14 1 75
14 2 0
14 3 0
14 4 0
14 5 34
14 6 60
14 7 0
14 8 0
14 9 0
14 10 0
14 11 0
14 12 92
14 13 51
14 14 0
14 15 0
14 16 78
14 17 76
14 18 0
14 19 0
14 20 0
14 21 54
14 22 60
14 23 0
14 24 38
14 25 38
14 26 0
14 27 42
14 28 0
14 29 70
14 30 44
14 31 16
14 32 0
14 33 88
14 34 88
14 35 0
14 36 0
14 37 92
14 38 63
14 39 0
14 40 0
14 41 0
14 42 0
14 43 29
14 44 0
14 45 0
14 46 65
14 47 33
14 48 28
14 49 0
14 50 0
14 51 76
14 52 0
14 53 67
14 54 0
14 55 0
14 56 0
14 57 44
14 58 0
14 59 0
14 60 29
14 61 0
14 62 94
14 63 0
14 64 95
14 65 91
14 66 97
14 67 0
14 68 55
14 69 0
15 0 0
15 1 0
15 2 100
15 3 86
15 4 0
15 5 0
15 6 0
15 7 36
15 8 0
15 9 0
15 10 62
15 11 0
15 12 89
15 13 0
15 14 0
15 15 0
15 16 88
15 17 0
15 18 0
15 19 0
15 20 0
15 21 0
15 22 0
15 23 0
15 24 50
15 25 43
15 26 65
15 27 0
15 28 0
15 29 100
15 30 25
15 31 23
15 32 0
15 33 0
15 34 0
15 35 26
15 36 0
15 37 35
15 38 0
15 39 75
15 40 0
15 41 32
15 42 0
15 43 0
15 44 0
15 45 53
15 46 0
15 47 99
15 48 71
15 49 14
15 50 0
15 51 0
15 52 45
15 53 84
15 54 0
15 55 68
15 56 59
15 57 29
15 58 0
15 59 26
15 60 91
15 61 57
15 62 0
15 63 0
15 64 26
15 65 75
15 66 37
15 67 44
15 68 29
15 69 0
16 0 26
16 1 60
16 2 72
16 3 45
16 4 87
16 5 0
16 6 56
16 7 0
16 8 0
16 9 61
16 10 24
16 11 64
16 12 0
16 13 37
16 14 78
16 15 88
16 16 0
16 17 0
16 18 83
16 19 0
16 20 93
16 21 71
16 22 0
16 23 0
16 24 94
16 25 0
16 26 27
16 27 0
16 28 75
16 29 0
16 30 0
16 31 0
16 32 0
16 33 91
16 34 84
16 35 0
16 36 0
16 37 42
16 38 0
16 39 0
16 40 16
16 41 0
16 42 53
16 43 35
16 44 11
16 45 0
16 46 24
16 47 0
16 48 0
16 49 89
16 50 85
16 51 62
16 52 12
16 53 0
16 54 0
16 55 0
16 56 50
16 57 0
16 58 12
16 59 75
16 60 0
16 61 91
16 62 96
16 63 13
16 64 34
16 65 92
16 66 41
16 67 0
16 68 40
16 69 0
17 0 0
17 1 37
17 2 44
17 3 0
17 4 0
17 5 45
17 6 0
17 7 0
17 8 72
17 9 0
17 10 90
17 11 28
17 12 0
17 13 0
17 14 76
17 15 0
17 16 0
17 17 0
17 18 0
17 19 0
17 20 0
17 21 50
17 22 15
17 23 93
17 24 0
17 25 0
17 26 0
17 27 52
17 28 70
17 29 0
17 30 56
17 31 65
17 32 48
17 33 10
17 34 0
17 35 14
17 36 0
17 37 45
17 38 29
17 39 0
17 40 0
17 41 0
17 42 0
17 43 28
17 44 89
17 45 0
17 46 92
17 47 0
17 48 47
17 49 0
17 50 86
17 51 0
17 52 64
17 53 68
17 54 57
17 55 73
17 56 0
17 57 99
17 58 0
17 59 0
17 60 91
17 61 70
17 62 72
17 63 0
17 64 0
17 65 51
17 66 0
17 67 79
17 68 88
17 69 15
18 0 21
18 1 0
18 2 44
18 3 0
18 4 0
18 5 0
18 6 80
18 7 0
18 8 74
18 9 0
18 10 0
18 11 53
18 12 78
18 13 43
18 14 0
18 15 0
18 16 83
18 17 0
18 18 0
18 19 15
18 20 0
18 21 0
18 22 0
18 23 17
18 24 79
18 25 0
18 26 17
18 27 91
18 28 57
18 29 76
18 30 39
18 31 32
18 32 72
18 33 54
18 34 89
18 35 0
18 36 0
18 37 0
18 38 0
18 39 77
18 40 0
18 41 0
18 42 0
18 43 0
18 44 84
18 45 0
18 46 46
18 47 0
18 48 0
18 49 52
18 50 65
18 51 94
18 52 0
18 53 12
18 54 0
18 55 23
18 56 68
18 57 88
18 58 0
18 59 0
18 60 49
18 61 0
18 62 55
18 63 32
18 64 0
18 65 57
18 66 0
18 67 0
18 68 0
18 69 82
19 0 26
19 1 0
19 2 92
19 3 12
19 4 0
19 5 77
19 6 28
19 7 28
19 8 94
19 9 74
19 10 0
19 11 0
19 12 0
19 13 34
19 14 0
19 15 0
19 16 0
19 17 0
19 18 15
19 19 0
19 20 39
19 21 0
19 22 40
19 23 0
19 24 88
19 25 19
19 26 0
19 27 77
19 28 0
19 29 0
19 30 0
19 31 0
19 32 0
19 33 36
19 34 17
19 35 23
19 36 22
19 37 82
19 38 0
19 39 49
19 40 67
19 41 0
19 42 0
19 43 90
19 44 0
19 45 58
19 46 61
19 47 0
19 48 0
19 49 0
19 50 0
19 51 0
19 52 86
19 53 0
19 54 23
19 55 39
19 56 90
19 57 33
19 58 0
19 59 0
19 60 17
19 61 51
19 62 99
19 63 90
19 64 43
19 65 0
19 66 0
19 67 27
19 68 21
19 69 0
20 0 0
20 1 0
20 2 0
20 3 60
20 4 59
20 5 0
20 6 0
20 7 85
20 8 0
20 9 0
20 10 46
20 11 0
20 12 32
20 13 16
20 14 0
20 15 0
20 16 93
20 17 0
20 18 0
20 19 39
20 20 0
20 21 0
20 22 59
20 23 0
20 24 61
20 25 28
20 26 40
20 27 31
20 28 93
20 29 75
20 30 56
20 31 69
20 32 0
20 33 0
20 34 73
20 35 0
20 36 0
20 37 22
20 38 0
20 39 0
20 40 0
20 41 34
20 42 0
20 43 0
20 44 0
20 45 98
20 46 21
20 47 42
20 48 63
20 49 86
20 50 0
20 51 0
20 52 0
20 53 96
20 54 0
20 55 65
20 56 0
20 57 0
20 58 50
20 59 0
20 60 0
20 61 0
20 62 0
20 63 16
20 64 11
20 65 13
20 66 0
20 67 77
20 68 0
20 69 86
21 0 64
21 1 89
21 2 0
21 3 71
21 4 0
21 5 0
21 6 0
21 7 0
21 8 60
21 9 0
21 10 0
21 11 63
21 12 0
21 13 72
21 14 54
21 15 0
21 16 71
21 17 50
21 18 0
21 19 0
21 20 0
21 21 0
21 22 0
21 23 0
21 24 0
21 25 0
21 26 0
21 27 49
21 28 75
21 29 78
21 30 0
21 31 0
21 32 0
21 33 24
21 34 63
21 35 0
21 36 0
21 37 34
21 38 0
21 39 0
21 40 0
21 41 0
21 42 0
21 43 78
21 44 30
21 45 0
21 46 0
21 47 33
21 48 60
21 49 20
21 50 0
21 51 0
21 52 13
21 53 44
21 54 0
21 55 0
21 56 31
21 57 87
21 58 70
21 59 62
21 60 0
21 61 74
21 62 41
21 63 59
21 64 74
21 65 0
21 66 11
21 67 27
21 68 0
21 69 91
22 0 76
22 1 11
22 2 13
22 3 96
22 4 19
22 5 59
22 6 73
22 7 97
22 8 0
22 9 0
22 10 0
22 11 47
22 12 0
22 13 98
22 14 60
22 15 0
22 16 0
22 17 15
22 18 0
22 19 40
22 20 59
22 21 0
22 22 0
22 23 0
22 24 27
22 25 0
22 26 0
22 27 40
22 28 34
22 29 0
22 30 0
22 31 82
22 32 0
22 33 55
22 34 69
22 35 0
22 36 0
22 37 0
22 38 0
22 39 0
22 40 0
22 41 0
22 42 66
22 43 0
22 44 59
22 45 73
22 46 0
22 47 0
22 48 0
22 49 63
22 50 0
22 51 0
22 52 0
22 53 0
22 54 0
22 55 0
22 56 0
22 57 0
22 58 0
22 59 62
22 60 16
22 61 61
22 62 0
22 63 52
22 64 39
22 65 0
22 66 68
22 67 17
22 68 33
22 69 98
23 0 0
23 1 0
23 2 12
23 3 30
23 4 0
23 5 0
23 6 50
23 7 60
23 8 34
23 9 0
23 10 51
23 11 84
23 12 29
23 13 29
23 14 0
23 15 0
23 16 0
23 17 93
23 18 17
23 19 0
23 20 0
23 21 0
23 22 0
23 23 0
23 24 22
23 25 37
23 26 35
23 27 18
23 28 65
23 29 19
23 30 31
23 31 87
23 32 0
23 33 0
23 34 95
23 35 0
23 36 0
23 37 77
23 38 0
23 39 0
23 40 0
23 41 0
23 42 0
23 43 64
23 44 0
23 45 0
23 46 0
23 47 53
23 48 0
23 49 0
23 50 0
23 51 0
23 52 24
23 53 0
23 54 61
23 55 0
23 56 0
23 57 0
23 58 18
23 59 0
23 60 74
23 61 57
23 62 86
23 63 0
23 64 0
23 65 28
23 66 0
23 67 90
23 68 85
23 69 30
24 0 0
24 1 13
24 2 0
24 3 16
24 4 0
24 5 27
24 6 77
24 7 0
24 8 0
24 9 0
24 10 65
24 11 0
24 12 57
24 13 0
24 14 38
24 15 50
24 16 94
24 17 0
24 18 79
24 19 88
24 20 61
24 21 0
24 22 27
24 23 22
24 24 0
24 25 40
24 26 89
24 27 0
24 28 87
24 29 0
24 30 0
24 31 0
24 32 0
24 33 71
24 34 48
24 35 93
24 36 99
24 37 0
24 38 42
24 39 0
24 40 52
24 41 65
24 42 0
24 43 33
24 44 72
24 45 77
24 46 0
24 47 33
24 48 87
24 49 51
24 50 0
24 51 0
24 52 0
24 53 0
24 54 0
24 55 39
24 56 0
24 57 0
24 58 0
24 59 31
24 60 0
24 61 0
24 62 87
24 63 13
24 64 44
24 65 0
24 66 49
24 67 0
24 68 0
24 69 60
25 0 0
25 1 17
25 2 96
25 3 0
25 4 0
25 5 0
25 6 43
25 7 69
25 8 0
25 9 0
25 10 66
25 11 0
25 12 24
25 13 0
25 14 38
25 15 43
25 16 0
25 17 0
25 18 0
25 19 19
25 20 28
25 21 0
25 22 0
25 23 37
25 24 40
25 25 0
25 26 0
25 27 99
25 28 54
25 29 0
25 30 0
25 31 0
25 32 0
25 33 42
25 34 98
25 35 85
25 36 63
25 37 0
25 38 0
25 39 50
25 40 0
25 41 17
25 42 0
25 43 70
25 44 27
25 45 57
25 46 0
25 47 47
25 48 81
25 49 0
25 50 69
25 51 70
25 52 0
25 53 51
25 54 0
25 55 0
25 56 0
25 57 0
25 58 72
25 59 24
25 60 0
25 61 0
25 62 0
25 63 86
25 64 0
25 65 0
25 66 0
25 67 0
25 68 0
25 69 31
26 0 0
26 1 47
26 2 0
26 3 0
26 4 0
26 5 76
26 6 0
26 7 0
26 8 0
26 9 0
26 10 0
26 11 39
26 12 24
26 13 0
26 14 0
26 15 65
26 16 27
26 17 0
26 18 17
26 19 0
26 20 40
26 21 0
26 22 0
26 23 35
26 24 89
26 25 0
26 26 0
26 27 86
26 28 73
26 29 0
26 30 0
26 31 13
26 32 0
26 33 0
26 34 0
26 35 0
26 36 62
26 37 58
26 38 14
26 39 72
26 40 26
26 41 42
26 42 63
26 43 0
26 44 63
26 45 0
26 46 0
26 47 0
26 48 25
26 49 0
26 50 50
26 51 0
26 52 0
26 53 0
26 54 0
26 55 12
26 56 0
26 57 100
26 58 44
26 59 0
26 60 0
26 61 42
26 62 0
26 63 79
26 64 76
26 65 51
26 66 0
26 67 45
26 68 0
26 69 53
27 0 0
27 1 82
27 2 0
27 3 0
27 4 0
27 5 30
27 6 44
27 7 64
27 8 87
27 9 20
27 10 94
27 11 0
27 12 0
27 13 0
27 14 42
27 15 0
27 16 0
27 17 52
27 18 91
27 19 77
27 20 31
27 21 49
27 22 40
27 23 18
27 24 0
27 25 99
27 26 86
27 27 0
27 28 80
27 29 0
27 30 0
27 31 0
27 32 31
27 33 79
27 34 0
27 35 0
27 36 86
27 37 32
27 38 51
27 39 81
27 40 95
27 41 50
27 42 78
27 43 90
27 44 52
27 45 0
27 46 25
27 47 17
27 48 0
27 49 0
27 50 0
27 51 0
27 52 99
27 53 66
27 54 92
27 55 0
27 56 0
27 57 0
27 58 0
27 59 35
27 60 67
27 61 23
27 62 0
27 63 0
27 64 81
27 65 84
27 66 33
27 67 0
27 68 0
27 69 0
28 0 0
28 1 61
28 2 0
28 3 0
28 4 15
28 5 88
28 6 0
28 7 0
28 8 0
28 9 0
28 10 88
28 11 12
28 12 0
28 13 18
28 14 0
28 15 0
28 16 75
28 17 70
28 18 57
28 19 0
28 20 93
28 21 75
28 22 34
28 23 65
28 24 87
28 25 54
28 26 73
28 27 80
28 28 0
28 29 45
28 30 0
28 31 0
28 32 76
28 33 0
28 34 0
28 35 54
28 36 0
28 37 0
28 38 0
28 39 67
28 40 81
28 41 0
28 42 0
28 43 69
28 44 0
28 45 0
28 46 78
28 47 68
28 48 0
28 49 0
28 50 10
28 51 0
28 52 53
28 53 0
28 54 37
28 55 31
28 56 22
28 57 0
28 58 0
28 59 56
28 60 11
28 61 0
28 62 74
28 63 0
28 64 0
28 65 0
28 66 0
28 67 0
28 68 0
28 69 0
29 0 0
29 1 31
29 2 0
29 3 68
29 4 45
29 5 0
29 6 36
29 7 85
29 8 43
29 9 0
29 10 96
29 11 0
29 12 0
29 13 25
29 14 70
29 15 100
29 16 0
29 17 0
29 18 76
29 19 0
29 20 75
29 21 78
29 22 0
29 23 19
29 24 0
29 25 0
29 26 0
29 27 0
29 28 45
29 29 0
29 30 58
29 31 0
29 32 0
29 33 16
29 34 29
29 35 0
29 36 82
29 37 95
29 38 78
29 39 0
29 40 0
29 41 93
29 42 0
29 43 0
29 44 0
29 45 79
29 46 0
29 47 57
29 48 0
29 49 0
29 50 53
29 51 0
29 52 55
29 53 28
29 54 0
29 55 40
29 56 96
29 57 0
29 58 26
29 59 24
29 60 55
29 61 0
29 62 14
29 63 0
29 64 0
29 65 0
29 66 0
29 67 0
29 68 93
29 69 49
30 0 95
30 1 0
30 2 0
30 3 75
30 4 0
30 5 0
30 6 75
30 7 93
30 8 71
30 9 0
30 10 22
30 11 0
30 12 0
30 13 0
30 14 44
30 15 25
30 16 0
30 17 56
30 18 39
30 19 0
30 20 56
30 21 0
30 22 0
30 23 31
30 24 0
30 25 0
30 26 0
30 27 0
30 28 0
30 29 58
30 30 0
30 31 52
30 32 88
30 33 0
30 34 0
30 35 0
30 36 97
30 37 0
30 38 0
30 39 53
30 40 0
30 41 0
30 42 0
30 43 0
30 44 75
30 45 26
30 46 0
30 47 0
30 48 54
30 49 75
30 50 20
30 51 0
30 52 0
30 53 0
30 54 0
30 55 29
30 56 0
30 57 96
30 58 42
30 59 0
30 60 68
30 61 0
30 62 0
30 63 72
30 64 33
30 65 0
30 66 0
30 67 98
30 68 18
30 69 63
31 0 0
31 1 0
31 2 20
31 3 0
31 4 0
31 5 48
31 6 0
31 7 87
31 8 0
31 9 79
31 10 71
31 11 20
31 12 63
31 13 0
31 14 16
31 15 23
31 16 0
31 17 65
31 18 32
31 19 0
31 20 69
31 21 0
31 22 82
31 23 87
31 24 0
31 25 0
31 26 13
31 27 0
31 28 0
31 29 0
31 30 52
31 31 0
31 32 0
31 33 0
31 34 0
31 35 86
31 36 0
31 37 20
31 38 0
31 39 0
31 40 20
31 41 0
31 42 93
31 43 0
31 44 62
31 45 0
31 46 79
31 47 88
31 48 19
31 49 0
31 50 0
31 51 68
31 52 0
31 53 0
31 54 73
31 55 20
31 56 13
31 57 71
31 58 0
31 59 41
31 60 0
31 61 0
31 62 11
31 63 0
31 64 0
31 65 73
31 66 55
31 67 0
31 68 0
31 69 0
32 0 0
32 1 81
32 2 0
32 3 96
32 4 0
32 5 91
32 6 74
32 7 0
32 8 0
32 9 39
32 10 0
32 11 0
32 12 0
32 13 56
32 14 0
32 15 0
32 16 0
32 17 48
32 18 72
32 19 0
32 20 0
32 21 0
32 22 0
32 23 0
32 24 0
32 25 0
32 26 0
32 27 31
32 28 76
32 29 0
32 30 88
32 31 0
32 32 0
32 33 59
32 34 63
32 35 0
32 36 45
32 37 48
32 38 0
32 39 96
32 40 30
32 41 93
32 42 73
32 43 68
32 44 0
32 45 61
32 46 0
32 47 0
32 48 0
32 49 75
32 50 23
32 51 98
32 52 0
32 53 0
32 54 0
32 55 0
32 56 0
32 57 0
32 58 18
32 59 0
32 60 0
32 61 13
32 62 28
32 63 0
32 64 0
32 65 77
32 66 28
32 67 0
32 68 0
32 69 0
33 0 0
33 1 0
33 2 39
33 3 96
33 4 54
33 5 58
33 6 54
33 7 0
33 8 0
33 9 54
33 10 49
33 11 41
33 12 0
33 13 0
33 14 88
33 15 0
33 16 91
33 17 10
33 18 54
33 19 36
33 20 0
33 21 24
33 22 55
33 23 0
33 24 71
33 25 42
33 26 0
33 27 79
33 28 0
33 29 16
33 30 0
33 31 0
33 32 59
33 33 0
33 34 0
33 35 63
33 36 66
33 37 68
33 38 0
33 39 88
33 40 0
33 41 18
33 42 0
33 43 0
33 44 72
33 45 0
33 46 15
33 47 13
33 48 97
33 49 0
33 50 52
33 51 0
33 52 0
33 53 0
33 54 0
33 55 49
33 56 0
33 57 0
33 58 0
33 59 10
33 60 0
33 61 94
33 62 85
33 63 13
33 64 24
33 65 15
33 66 0
33 67 0
33 68 31
33 69 66
34 0 0
34 1 23
34 2 0
34 3 60
34 4 96
34 5 30
34 6 0
34 7 88
34 8 0
34 9 61
34 10 0
34 11 68
34 12 0
34 13 65
34 14 88
34 15 0
34 16 84
34 17 0
34 18 89
34 19 17
34 20 73
34 21 63
34 22 69
34 23 95
34 24 48
34 25 98
34 26 0
34 27 0
34 28 0
34 29 29
34 30 0
34 31 0
34 32 63
34 33 0
34 34 0
34 35 0
34 36 0
34 37 0
34 38 0
34 39 96
34 40 0
34 41 79
34 42 0
34 43 16
34 44 22
34 45 99
34 46 19
34 47 0
34 48 31
34 49 33
34 50 75
34 51 0
34 52 0
34 53 0
34 54 87
34 55 0
34 56 65
34 57 0
34 58 0
34 59 0
34 60 0
34 61 0
34 62 0
34 63 47
34 64 87
34 65 0
34 66 0
34 67 58
34 68 0
34 69 0
35 0 0
35 1 40
35 2 60
35 3 0
35 4 70
35 5 0
35 6 0
35 7 0
35 8 0
35 9 19
35 10 41
35 11 61
35 12 33
35 13 38
35 14 0
35 15 26
35 16 0
35 17 14
35 18 0
35 19 23
35 20 0
35 21 0
35 22 0
35 23 0
35 24 93
35 25 85
35 26 0
35 27 0
35 28 54
35 29 0
35 30 0
35 31 86
35 32 0
35 33 63
35 34 0
35 35 0
35 36 46
35 37 0
35 38 28
35 39 0
35 40 0
35 41 95
35 42 0
35 43 0
35 44 0
35 45 88
35 46 74
35 47 0
35 48 0
35 49 0
35 50 58
35 51 0
35 52 52
35 53 0
35 54 0
35 55 82
35 56 16
35 57 0
35 58 0
35 59 0
35 60 0
35 61 0
35 62 37
35 63 79
35 64 13
35 65 0
35 66 76
35 67 0
35 68 50
35 69 41
36 0 98
36 1 0
36 2 0
36 3 32
36 4 36
36 5 0
36 6 0
36 7 62
36 8 0
36 9 0
36 10 26
36 11 98
36 12 0
36 13 75
36 14 0
36 15 0
36 16 0
36 17 0
36 18 0
36 19 22
36 20 0
36 21 0
36 22 0
36 23 0
36 24 99
36 25 63
36 26 62
36 27 86
36 28 0
36 29 82
36 30 97
36 31 0
36 32 45
36 33 66
36 34 0
36 35 46
36 36 0
36 37 93
36 38 0
36 39 0
36 40 41
36 41 73
36 42 0
36 43 61
36 44 21
36 45 0
36 46 0
36 47 0
36 48 0
36 49 0
36 50 11
36 51 93
36 52 0
36 53 0
36 54 83
36 55 17
36 56 88
36 57 23
36 58 17
36 59 50
36 60 42
36 61 0
36 62 87
36 63 92
36 64 75
36 65 12
36 66 25
36 67 31
36 68 30
36 69 84
37 0 0
37 1 49
37 2 31
37 3 79
37 4 0
37 5 0
37 6 0
37 7 34
37 8 0
37 9 0
37 10 0
37 11 58
37 12 19
37 13 0
37 14 92
37 15 35
37 16 42
37 17 45
37 18 0
37 19 82
37 20 22
37 21 34
37 22 0
37 23 77
37 24 0
37 25 0
37 26 58
37 27 32
37 28 0
37 29 95
37 30 0
37 31 20
37 32 48
37 33 68
37 34 0
37 35 0
37 36 93
37 37 0
37 38 0
37 39 0
37 40 89
37 41 0
37 42 70
37 43 98
37 44 0
37 45 0
37 46 0
37 47 0
37 48 0
37 49 91
37 50 56
37 51 0
37 52 99
37 53 91
37 54 0
37 55 91
37 56 95
37 57 56
37 58 0
37 59 0
37 60 0
37 61 20
37 62 37
37 63 0
37 64 0
37 65 74
37 66 38
37 67 0
37 68 0
37 69 0
38 0 0
38 1 0
38 2 17
38 3 0
38 4 0
38 5 0
38 6 60
38 7 0
38 8 0
38 9 82
38 10 56
38 11 0
38 12 0
38 13 0
38 14 63
38 15 0
38 16 0
38 17 29
38 18 0
38 19 0
38 20 0
38 21 0
38 22 0
38 23 0
38 24 42
38 25 0
38 26 14
38 27 51
38 28 0
38 29 78
38 30 0
38 31 0
38 32 0
38 33 0
38 34 0
38 35 28
38 36 0
38 37 0
38 38 0
38 39 0
38 40 93
38 41 93
38 42 83
38 43 0
38 44 0
38 45 0
38 46 0
38 47 13
38 48 60
38 49 0
38 50 0
38 51 83
38 52 0
38 53 0
38 54 0
38 55 42
38 56 54
38 57 0
38 58 89
38 59 75
38 60 0
38 61 0
38 62 0
38 63 0
38 64 0
38 65 0
38 66 0
38 67 0
38 68 77
38 69 74
39 0 0
39 1 0
39 2 0
39 3 87
39 4 0
39 5 51
39 6 16
39 7 50
39 8 0
39 9 37
39 10 0
39 11 37
39 12 0
39 13 0
39 14 0
39 15 75
39 16 0
39 17 0
39 18 77
39 19 49
39 20 0
39 21 0
39 22 0
39 23 0
39 24 0
39 25 50
39 26 72
39 27 81
39 28 67
39 29 0
39 30 53
39 31 0
39 32 96
39 33 88
39 34 96
39 35 0
39 36 0
39 37 0
39 38 0
39 39 0
39 40 65
39 41 40
39 42 31
39 43 0
39 44 0
39 45 82
39 46 0
39 47 52
39 48 87
39 49 0
39 50 93
39 51 0
39 52 77
39 53 17
39 54 0
39 55 75
39 56 0
39 57 84
39 58 76
39 59 0
39 60 0
39 61 0
39 62 0
39 63 0
39 64 0
39 65 26
39 66 88
39 67 39
39 68 0
39 69 0
40 0 92
40 1 0
40 2 91
40 3 0
40 4 0
40 5 0
40 6 59
40 7 0
40 8 0
40 9 66
40 10 0
40 11 48
40 12 70
40 13 46
40 14 0
40 15 0
40 16 16
40 17 0
40 18 0
40 19 67
40 20 0
40 21 0
40 22 0
40 23 0
40 24 52
40 25 0
40 26 26
40 27 95
40 28 81
40 29 0
40 30 0
40 31 20
40 32 30
40 33 0
40 34 0
40 35 0
40 36 41
40 37 89
40 38 93
40 39 65
40 40 0
40 41 95
40 42 0
40 43 52
40 44 0
40 45 0
40 46 74
40 47 0
40 48 88
40 49 25
40 50 0
40 51 0
40 52 57
40 53 0
40 54 0
40 55 15
40 56 75
40 57 0
40 58 0
40 59 0
40 60 0
40 61 63
40 62 0
40 63 0
40 64 22
40 65 55
40 66 11
40 67 0
40 68 19
40 69 84
41 0 0
41 1 0
41 2 60
41 3 46
41 4 83
41 5 50
41 6 0
41 7 0
41 8 67
41 9 64
41 10 45
41 11 49
41 12 70
41 13 69
41 14 0
41 15 32
41 16 0
41 17 0
41 18 0
41 19 0
41 20 34
41 21 0
41 22 0
41 23 0
41 24 65
41 25 17
41 26 42
41 27 50
41 28 0
41 29 93
41 30 0
41 31 0
41 32 93
41 33 18
41 34 79
41 35 95
41 36 73
41 37 0
41 38 93
41 39 40
41 40 95
41 41 0
41 42 16
41 43 100
41 44 43
41 45 91
41 46 29
41 47 22
41 48 74
41 49 0
41 50 12
41 51 100
41 52 94
41 53 0
41 54 0
41 55 0
41 56 0
41 57 33
41 58 66
41 59 0
41 60 0
41 61 0
41 62 94
41 63 0
41 64 0
41 65 0
41 66 66
41 67 59
41 68 59
41 69 0
42 0 77
42 1 0
42 2 43
42 3 0
42 4 28
42 5 25
42 6 0
42 7 75
42 8 63
42 9 11
42 10 0
42 11 0
42 12 0
42 13 0
42 14 0
42 15 0
42 16 53
42 17 0
42 18 0
42 19 0
42 20 0
42 21 0
42 22 66
42 23 0
42 24 0
42 25 0
42 26 63
42 27 78
42 28 0
42 29 0
42 30 0
42 31 93
42 32 73
42 33 0
42 34 0
42 35 0
42 36 0
42 37 70
42 38 83
42 39 31
42 40 0
42 41 16
42 42 0
42 43 57
42 44 50
42 45 0
42 46 76
42 47 0
42 48 21
42 49 54
42 50 0
42 51 0
42 52 0
42 53 79
42 54 78
42 55 0
42 56 0
42 57 48
42 58 0
42 59 0
42 60 87
42 61 26
42 62 0
42 63 78
42 64 0
42 65 66
42 66 0
42 67 0
42 68 0
42 69 0
43 0 40
43 1 39
43 2 61
43 3 0
43 4 0
43 5 0
43 6 27
43 7 0
43 8 30
43 9 43
43 10 55
43 11 32
43 12 74
43 13 83
43 14 29
43 15 0
43 16 35
43 17 28
43 18 0
43 19 90
43 20 0
43 21 78
43 22 0
43 23 64
43 24 33
43 25 70
43 26 0
43 27 90
43 28 69
43 29 0
43 30 0
43 31 0
43 32 68
43 33 0
43 34 16
43 35 0
43 36 61
43 37 98
43 38 0
43 39 0
43 40 52
43 41 100
43 42 57
43 43 0
43 44 52
43 45 13
43 46 23
43 47 0
43 48 97
43 49 0
43 50 0
43 51 0
43 52 0
43 53 52
43 54 0
43 55 0
43 56 79
43 57 74
43 58 0
43 59 0
43 60 23
43 61 81
43 62 0
43 63 18
43 64 31
43 65 89
43 66 12
43 67 0
43 68 0
43 69 10
44 0 29
44 1 51
44 2 80
44 3 93
44 4 0
44 5 40
44 6 78
44 7 75
44 8 0
44 9 0
44 10 10
44 11 0
44 12 0
44 13 38
44 14 0
44 15 0
44 16 11
44 17 89
44 18 84
44 19 0
44 20 0
44 21 30
44 22 59
44 23 0
44 24 72
44 25 27
44 26 63
44 27 52
44 28 0
44 29 0
44 30 75
44 31 62
44 32 0
44 33 72
44 34 22
44 35 0
44 36 21
44 37 0
44 38 0
44 39 0
44 40 0
44 41 43
44 42 50
44 43 52
44 44 0
44 45 34
44 46 44
44 47 83
44 48 0
44 49 73
44 50 90
44 51 33
44 52 70
44 53 73
44 54 88
44 55 0
44 56 0
44 57 0
44 58 0
44 59 0
44 60 0
44 61 71
44 62 48
44 63 14
44 64 16
44 65 0
44 66 39
44 67 0
44 68 34
44 69 47
45 0 49
45 1 0
45 2 55
45 3 0
45 4 0
45 5 95
45 6 0
45 7 46
45 8 43
45 9 89
45 10 0
45 11 71
45 12 26
45 13 19
45 14 0
45 15 53
45 16 0
45 17 0
45 18 0
45 19 58
45 20 98
45 21 0
45 22 73
45 23 0
45 24 77
45 25 57
45 26 0
45 27 0
45 28 0
45 29 79
45 30 26
45 31 0
45 32 61
45 33 0
45 34 99
45 35 88
45 36 0
45 37 0
45 38 0
45 39 82
45 40 0
45 41 91
45 42 0
45 43 13
45 44 34
45 45 0
45 46 16
45 47 0
45 48 42
45 49 0
45 50 0
45 51 0
45 52 0
45 53 0
45 54 53
45 55 81
45 56 46
45 57 61
45 58 0
45 59 20
45 60 60
45 61 71
45 62 25
45 63 0
45 64 12
45 65 47
45 66 50
45 67 37
45 68 0
45 69 39
46 0 0
46 1 95
46 2 94
46 3 27
46 4 0
46 5 0
46 6 0
46 7 0
46 8 95
46 9 86
46 10 0
46 11 0
46 12 0
46 13 0
46 14 65
46 15 0
46 16 24
46 17 92
46 18 46
46 19 61
46 20 21
46 21 0
46 22 0
46 23 0
46 24 0
46 25 0
46 26 0
46 27 25
46 28 78
46 29 0
46 30 0
46 31 79
46 32 0
46 33 15
46 34 19
46 35 74
46 36 0
46 37 0
46 38 0
46 39 0
46 40 74
46 41 29
46 42 76
46 43 23
46 44 44
46 45 16
46 46 0
46 47 0
46 48 95
46 49 64
46 50 0
46 51 27
46 52 87
46 53 0
46 54 0
46 55 0
46 56 89
46 57 25
46 58 26
46 59 34
46 60 67
46 61 0
46 62 0
46 63 0
46 64 49
46 65 0
46 66 25
46 67 64
46 68 40
46 69 0
47 0 0
47 1 55
47 2 68
47 3 18
47 4 0
47 5 0
47 6 15
47 7 84
47 8 0
47 9 12
47 10 0
47 11 44
47 12 52
47 13 0
47 14 33
47 15 99
47 16 0
47 17 0
47 18 0
47 19 0
47 20 42
47 21 33
47 22 0
47 23 53
47 24 33
47 25 47
47 26 0
47 27 17
47 28 68
47 29 57
47 30 0
47 31 88
47 32 0
47 33 13
47 34 0
47 35 0
47 36 0
47 37 0
47 38 13
47 39 52
47 40 0
47 41 22
47 42 0
47 43 0
47 44 83
47 45 0
47 46 0
47 47 0
47 48 0
47 49 46
47 50 61
47 51 93
47 52 16
47 53 40
47 54 0
47 55 0
47 56 0
47 57 37
47 58 0
47 59 0
47 60 26
47 61 73
47 62 0
47 63 41
47 64 0
47 65 97
47 66 0
47 67 0
47 68 59
47 69 0
48 0 66
48 1 0
48 2 61
48 3 0
48 4 43
48 5 0
48 6 87
48 7 0
48 8 0
48 9 66
48 10 0
48 11 0
48 12 0
48 13 0
48 14 28
48 15 71
48 16 0
48 17 47
48 18 0
48 19 0
48 20 63
48 21 60
48 22 0
48 23 0
48 24 87
48 25 81
48 26 25
48 27 0
48 28 0
48 29 0
48 30 54
48 31 19
48 32 0
48 33 97
48 34 31
48 35 0
48 36 0
48 37 0
48 38 60
48 39 87
48 40 88
48 41 74
48 42 21
48 43 97
48 44 0
48 45 42
48 46 95
48 47 0
48 48 0
48 49 23
48 50 98
48 51 0
48 52 0
48 53 0
48 54 0
48 55 0
48 56 100
48 57 67
48 58 0
48 59 0
48 60 57
48 61 0
48 62 0
48 63 63
48 64 77
48 65 0
48 66 0
48 67 0
48 68 62
48 69 0
49 0 0
49 1 38
49 2 0
49 3 0
49 4 0
49 5 61
49 6 52
49 7 40
49 8 0
49 9 85
49 10 43
49 11 88
49 12 0
49 13 0
49 14 0
49 15 14
49 16 89
49 17 0
49 18 52
49 19 0
49 20 86
49 21 20
49 22 63
49 23 0
49 24 51
49 25 0
49 26 0
49 27 0
49 28 0
49 29 0
49 30 75
49 31 0
49 32 75
49 33 0
49 34 33
49 35 0
49 36 0
49 37 91
49 38 0
49 39 0
49 40 25
49 41 0
49 42 54
49 43 0
49 44 73
49 45 0
49 46 64
49 47 46
49 48 23
49 49 0
49 50 91
49 51 0
49 52 0
49 53 0
49 54 0
49 55 0
49 56 0
49 57 22
49 58 0
49 59 0
49 60 0
49 61 39
49 62 0
49 63 0
49 64 27
49 65 31
49 66 0
49 67 28
49 68 0
49 69 19
50 0 65
50 1 0
50 2 0
50 3 38
50 4 15
50 5 0
50 6 64
50 7 0
50 8 0
50 9 0
50 10 0
50 11 70
50 12 0
50 13 0
50 14 0
50 15 0
50 16 85
50 17 86
50 18 65
50 19 0
50 20 0
50 21 0
50 22 0
50 23 0
50 24 0
50 25 69
50 26 50
50 27 0
50 28 10
50 29 53
50 30 20
50 31 0
50 32 23
50 33 52
50 34 75
50 35 58
50 36 11
50 37 56
50 38 0
50 39 93
50 40 0
50 41 12
50 42 0
50 43 0
50 44 90
50 45 0
50 46 0
50 47 61
50 48 98
50 49 91
50 50 0
50 51 54
50 52 0
50 53 0
50 54 44
50 55 0
50 56 33
50 57 0
50 58 0
50 59 0
50 60 0
50 61 0
50 62 61
50 63 67
50 64 0
50 65 0
50 66 0
50 67 0
50 68 0
50 69 0
51 0 21
51 1 0
51 2 0
51 3 37
51 4 0
51 5 0
51 6 0
51 7 50
51 8 0
51 9 0
51 10 0
51 11 97
51 12 0
51 13 0
51 14 76
51 15 0
51 16 62
51 17 0
51 18 94
51 19 0
51 20 0
51 21 0
51 22 0
51 23 0
51 24 0
51 25 70
51 26 0
51 27 0
51 28 0
51 29 0
51 30 0
51 31 68
51 32 98
51 33 0
51 34 0
51 35 0
51 36 93
51 37 0
51 38 83
51 39 0
51 40 0
51 41 100
51 42 0
51 43 0
51 44 33
51 45 0
51 46 27
51 47 93
51 48 0
51 49 0
51 50 54
51 51 0
51 52 99
51 53 0
51 54 0
51 55 41
51 56 0
51 57 81
51 58 0
51 59 24
51 60 0
51 61 0
51 62 43
51 63 97
51 64 51
51 65 89
51 66 0
51 67 71
51 68 0
51 69 39
52 0 0
52 1 0
52 2 32
52 3 69
52 4 13
52 5 0
52 6 0
52 7 82
52 8 38
52 9 66
52 10 0
52 11 0
52 12 48
52 13 0
52 14 0
52 15 45
52 16 12
52 17 64
52 18 0
52 19 86
52 20 0
52 21 13
52 22 0
52 23 24
52 24 0
52 25 0
52 26 0
52 27 99
52 28 53
52 29 55
52 30 0
52 31 0
52 32 0
52 33 0
52 34 0
52 35 52
52 36 0
52 37 99
52 38 0
52 39 77
52 40 57
52 41 94
52 42 0
52 43 0
52 44 70
52 45 0
52 46 87
52 47 16
52 48 0
52 49 0
52 50 0
52 51 99
52 52 0
52 53 24
52 54 0
52 55 40
52 56 0
52 57 100
52 58 0
52 59 79
52 60 15
52 61 0
52 62 0
52 63 0
52 64 0
52 65 94
52 66 83
52 67 0
52 68 84
52 69 54
53 0 0
53 1 74
53 2 33
53 3 15
53 4 71
53 5 48
53 6 0
53 7 93
53 8 0
53 9 0
53 10 27
53 11 12
53 12 78
53 13 0
53 14 67
53 15 84
53 16 0
53 17 68
53 18 12
53 19 0
53 20 96
53 21 44
53 22 0
53 23 0
53 24 0
53 25 51
53 26 0
53 27 66
53 28 0
53 29 28
53 30 0
53 31 0
53 32 0
53 33 0
53 34 0
53 35 0
53 36 0
53 37 91
53 38 0
53 39 17
53 40 0
53 41 0
53 42 79
53 43 52
53 44 73
53 45 0
53 46 0
53 47 40
53 48 0
53 49 0
53 50 0
53 51 0
53 52 24
53 53 0
53 54 67
53 55 0
53 56 0
53 57 0
53 58 0
53 59 46
53 60 57
53 61 0
53 62 0
53 63 0
53 64 27
53 65 0
53 66 77
53 67 67
53 68 68
53 69 85
54 0 0
54 1 0
54 2 0
54 3 0
54 4 51
54 5 18
54 6 62
54 7 31
54 8 57
54 9 0
54 10 0
54 11 84
54 12 0
54 13 0
54 14 0
54 15 0
54 16 0
54 17 57
54 18 0
54 19 23
54 20 0
54 21 0
54 22 0
54 23 61
54 24 0
54 25 0
54 26 0
54 27 92
54 28 37
54 29 0
54 30 0
54 31 73
54 32 0
54 33 0
54 34 87
54 35 0
54 36 83
54 37 0
54 38 0
54 39 0
54 40 0
54 41 0
54 42 78
54 43 0
54 44 88
54 45 53
54 46 0
54 47 0
54 48 0
54 49 0
54 50 44
54 51 0
54 52 0
54 53 67
54 54 0
54 55 0
54 56 98
54 57 0
54 58 0
54 59 0
54 60 0
54 61 99
54 62 96
54 63 19
54 64 39
54 65 0
54 66 0
54 67 67
54 68 0
54 69 0
55 0 51
55 1 0
55 2 75
55 3 38
55 4 41
55 5 0
55 6 81
55 7 94
55 8 57
55 9 76
55 10 25
55 11 0
55 12 0
55 13 47
55 14 0
55 15 68
55 16 0
55 17 73
55 18 23
55 19 39
55 20 65
55 21 0
55 22 0
55 23 0
55 24 39
55 25 0
55 26 12
55 27 0
55 28 31
55 29 40
55 30 29
55 31 20
55 32 0
55 33 49
55 34 0
55 35 82
55 36 17
55 37 91
55 38 42
55 39 75
55 40 15
55 41 0
55 42 0
55 43 0
55 44 0
55 45 81
55 46 0
55 47 0
55 48 0
55 49 0
55 50 0
55 51 41
55 52 40
55 53 0
55 54 0
55 55 0
55 56 22
55 57 0
55 58 18
55 59 27
55 60 0
55 61 33
55 62 86
55 63 88
55 64 42
55 65 0
55 66 0
55 67 32
55 68 35
55 69 0
56 0 37
56 1 45
56 2 0
56 3 0
56 4 0
56 5 59
56 6 0
56 7 81
56 8 0
56 9 0
56 10 59
56 11 0
56 12 0
56 13 0
56 14 0
56 15 59
56 16 50
56 17 0
56 18 68
56 19 90
56 20 0
56 21 31
56 22 0
56 23 0
56 24 0
56 25 0
56 26 0
56 27 0
56 28 22
56 29 96
56 30 0
56 31 13
56 32 0
56 33 0
56 34 65
56 35 16
56 36 88
56 37 95
56 38 54
56 39 0
56 40 75
56 41 0
56 42 0
56 43 79
56 44 0
56 45 46
56 46 89
56 47 0
56 48 100
56 49 0
56 50 33
56 51 0
56 52 0
56 53 0
56 54 98
56 55 22
56 56 0
56 57 0
56 58 79
56 59 46
56 60 48
56 61 0
56 62 0
56 63 21
56 64 85
56 65 0
56 66 33
56 67 100
56 68 0
56 69 0
57 0 17
57 1 0
57 2 36
57 3 98
57 4 0
57 5 64
57 6 64
57 7 0
57 8 0
57 9 43
57 10 18
57 11 0
57 12 47
57 13 0
57 14 44
57 15 29
57 16 0
57 17 99
57 18 88
57 19 33
57 20 0
57 21 87
57 22 0
57 23 0
57 24 0
57 25 0
57 26 100
57 27 0
57 28 0
57 29 0
57 30 96
57 31 71
57 32 0
57 33 0
57 34 0
57 35 0
57 36 23
57 37 56
57 38 0
57 39 84
57 40 0
57 41 33
57 42 48
57 43 74
57 44 0
57 45 61
57 46 25
57 47 37
57 48 67
57 49 22
57 50 0
57 51 81
57 52 100
57 53 0
57 54 0
57 55 0
57 56 0
57 57 0
57 58 0
57 59 24
57 60 48
57 61 0
57 62 0
57 63 0
57 64 21
57 65 52
57 66 0
57 67 65
57 68 0
57 69 69
58 0 65
58 1 45
58 2 22
58 3 0
58 4 64
58 5 79
58 6 49
58 7 0
58 8 0
58 9 83
58 10 52
58 11 10
58 12 0
58 13 0
58 14 0
58 15 0
58 16 12
58 17 0
58 18 0
58 19 0
58 20 50
58 21 70
58 22 0
58 23 18
58 24 0
58 25 72
58 26 44
58 27 0
58 28 0
58 29 26
58 30 42
58 31 0
58 32 18
58 33 0
58 34 0
58 35 0
58 36 17
58 37 0
58 38 89
58 39 76
58 40 0
58 41 66
58 42 0
58 43 0
58 44 0
58 45 0
58 46 26
58 47 0
58 48 0
58 49 0
58 50 0
58 51 0
58 52 0
58 53 0
58 54 0
58 55 18
58 56 79
58 57 0
58 58 0
58 59 26
58 60 38
58 61 30
58 62 66
58 63 24
58 64 0
58 65 94
58 66 0
58 67 45
58 68 60
58 69 0
59 0 80
59 1 16
59 2 0
59 3 0
59 4 0
59 5 0
59 6 0
59 7 80
59 8 0
59 9 0
59 10 50
59 11 34
59 12 0
59 13 68
59 14 0
59 15 26
59 16 75
59 17 0
59 18 0
59 19 0
59 20 0
59 21 62
59 22 62
59 23 0
59 24 31
59 25 24
59 26 0
59 27 35
59 28 56
59 29 24
59 30 0
59 31 41
59 32 0
59 33 10
59 34 0
59 35 0
59 36 50
59 37 0
59 38 75
59 39 0
59 40 0
59 41 0
59 42 0
59 43 0
59 44 0
59 45 20
59 46 34
59 47 0
59 48 0
59 49 0
59 50 0
59 51 24
59 52 79
59 53 46
59 54 0
59 55 27
59 56 46
59 57 24
59 58 26
59 59 0
59 60 67
59 61 0
59 62 64
59 63 0
59 64 30
59 65 0
59 66 16
59 67 11
59 68 96
59 69 67
60 0 0
60 1 99
60 2 0
60 3 0
60 4 0
60 5 0
60 6 0
60 7 48
60 8 43
60 9 0
60 10 86
60 11 89
60 12 0
60 13 71
60 14 29
60 15 91
60 16 0
60 17 91
60 18 49
60 19 17
60 20 0
60 21 0
60 22 16
60 23 74
60 24 0
60 25 0
60 26 0
60 27 67
60 28 11
60 29 55
60 30 68
60 31 0
60 32 0
60 33 0
60 34 0
60 35 0
60 36 42
60 37 0
60 38 0
60 39 0
60 40 0
60 41 0
60 42 87
60 43 23
60 44 0
60 45 60
60 46 67
60 47 26
60 48 57
60 49 0
60 50 0
60 51 0
60 52 15
60 53 57
60 54 0
60 55 0
60 56 48
60 57 48
60 58 38
60 59 67
60 60 0
60 61 0
60 62 0
60 63 0
60 64 0
60 65 32
60 66 0
60 67 32
60 68 83
60 69 0
61 0 24
61 1 13
61 2 0
61 3 0
61 4 89
61 5 0
61 6 0
61 7 100
61 8 0
61 9 45
61 10 0
61 11 36
61 12 0
61 13 0
61 14 0
61 15 57
61 16 91
61 17 70
61 18 0
61 19 51
61 20 0
61 21 74
61 22 61
61 23 57
61 24 0
61 25 0
61 26 42
61 27 23
61 28 0
61 29 0
61 30 0
61 31 0
61 32 13
61 33 94
61 34 0
61 35 0
61 36 0
61 37 20
61 38 0
61 39 0
61 40 63
61 41 0
61 42 26
61 43 81
61 44 71
61 45 71
61 46 0
61 47 73
61 48 0
61 49 39
61 50 0
61 51 0
61 52 0
61 53 0
61 54 99
61 55 33
61 56 0
61 57 0
61 58 30
61 59 0
61 60 0
61 61 0
61 62 0
61 63 61
61 64 31
61 65 0
61 66 0
61 67 0
61 68 0
61 69 54
62 0 0
62 1 14
62 2 77
62 3 25
62 4 0
62 5 0
62 6 54
62 7 24
62 8 0
62 9 16
62 10 97
62 11 0
62 12 0
62 13 0
62 14 94
62 15 0
62 16 96
62 17 72
62 18 55
62 19 99
62 20 0
62 21 41
62 22 0
62 23 86
62 24 87
62 25 0
62 26 0
62 27 0
62 28 74
62 29 14
62 30 0
62 31 11
62 32 28
62 33 85
62 34 0
62 35 37
62 36 87
62 37 37
62 38 0
62 39 0
62 40 0
62 41 94
62 42 0
62 43 0
62 44 48
62 45 25
62 46 0
62 47 0
62 48 0
62 49 0
62 50 61
62 51 43
62 52 0
62 53 0
62 54 96
62 55 86
62 56 0
62 57 0
62 58 66
62 59 64
62 60 0
62 61 0
62 62 0
62 63 81
62 64 0
62 65 91
62 66 0
62 67 66
62 68 0
62 69 95
63 0 20
63 1 0
63 2 0
63 3 83
63 4 0
63 5 20
63 6 50
63 7 54
63 8 0
63 9 0
63 10 0
63 11 59
63 12 0
63 13 23
63 14 0
63 15 0
63 16 13
63 17 0
63 18 32
63 19 90
63 20 16
63 21 59
63 22 52
63 23 0
63 24 13
63 25 86
63 26 79
63 27 0
63 28 0
63 29 0
63 30 72
63 31 0
63 32 0
63 33 13
63 34 47
63 35 79
63 36 92
63 37 0
63 38 0
63 39 0
63 40 0
63 41 0
63 42 78
63 43 18
63 44 14
63 45 0
63 46 0
63 47 41
63 48 63
63 49 0
63 50 67
63 51 97
63 52 0
63 53 0
63 54 19
63 55 88
63 56 21
63 57 0
63 58 24
63 59 0
63 60 0
63 61 61
63 62 81
63 63 0
63 64 0
63 65 85
63 66 0
63 67 0
63 68 0
63 69 0
64 0 49
64 1 0
64 2 0
64 3 0
64 4 0
64 5 0
64 6 38
64 7 55
64 8 81
64 9 0
64 10 0
64 11 37
64 12 56
64 13 0
64 14 95
64 15 26
64 16 34
64 17 0
64 18 0
64 19 43
64 20 11
64 21 74
64 22 39
64 23 0
64 24 44
64 25 0
64 26 76
64 27 81
64 28 0
64 29 0
64 30 33
64 31 0
64 32 0
64 33 24
64 34 87
64 35 13
64 36 75
64 37 0
64 38 0
64 39 0
64 40 22
64 41 0
64 42 0
64 43 31
64 44 16
64 45 12
64 46 49
64 47 0
64 48 77
64 49 27
64 50 0
64 51 51
64 52 0
64 53 27
64 54 39
64 55 42
64 56 85
64 57 21
64 58 0
64 59 30
64 60 0
64 61 31
64 62 0
64 63 0
64 64 0
64 65 0
64 66 0
64 67 0
64 68 31
64 69 0
65 0 16
65 1 16
65 2 0
65 3 0
65 4 61
65 5 0
65 6 0
65 7 0
65 8 0
65 9 83
65 10 80
65 11 71
65 12 38
65 13 100
65 14 91
65 15 75
65 16 92
65 17 51
65 18 57
65 19 0
65 20 13
65 21 0
65 22 0
65 23 28
65 24 0
65 25 0
65 26 51
65 27 84
65 28 0
65 29 0
65 30 0
65 31 73
65 32 77
65 33 15
65 34 0
65 35 0
65 36 12
65 37 74
65 38 0
65 39 26
65 40 55
65 41 0
65 42 66
65 43 89
65 44 0
65 45 47
65 46 0
65 47 97
65 48 0
65 49 31
65 50 0
65 51 89
65 52 94
65 53 0
65 54 0
65 55 0
65 56 0
65 57 52
65 58 94
65 59 0
65 60 32
65 61 0
65 62 91
65 63 85
65 64 0
65 65 0
65 66 0
65 67 0
65 68 53
65 69 86
66 0 43
66 1 59
66 2 66
66 3 23
66 4 0
66 5 0
66 6 14
66 7 67
66 8 0
66 9 71
66 10 79
66 11 0
66 12 0
66 13 0
66 14 97
66 15 37
66 16 41
66 17 0
66 18 0
66 19 0
66 20 0
66 21 11
66 22 68
66 23 0
66 24 49
66 25 0
66 26 0
66 27 33
66 28 0
66 29 0
66 30 0
66 31 55
66 32 28
66 33 0
66 34 0
66 35 76
66 36 25
66 37 38
66 38 0
66 39 88
66 40 11
66 41 66
66 42 0
66 43 12
66 44 39
66 45 50
66 46 25
66 47 0
66 48 0
66 49 0
66 50 0
66 51 0
66 52 83
66 53 77
66 54 0
66 55 0
66 56 33
66 57 0
66 58 0
66 59 16
66 60 0
66 61 0
66 62 0
66 63 0
66 64 0
66 65 0
66 66 0
66 67 0
66 68 79
66 69 0
67 0 23
67 1 88
67 2 66
67 3 0
67 4 0
67 5 0
67 6 0
67 7 59
67 8 35
67 9 60
67 10 51
67 11 0
67 12 0
67 13 17
67 14 0
67 15 44
67 16 0
67 17 79
67 18 0
67 19 27
67 20 77
67 21 27
67 22 17
67 23 90
67 24 0
67 25 0
67 26 45
67 27 0
67 28 0
67 29 0
67 30 98
67 31 0
67 32 0
67 33 0
67 34 58
67 35 0
67 36 31
67 37 0
67 38 0
67 39 39
67 40 0
67 41 59
67 42 0
67 43 0
67 44 0
67 45 37
67 46 64
67 47 0
67 48 0
67 49 28
67 50 0
67 51 71
67 52 0
67 53 67
67 54 67
67 55 32
67 56 100
67 57 65
67 58 45
67 59 11
67 60 32
67 61 0
67 62 66
67 63 0
67 64 0
67 65 0
67 66 0
67 67 0
67 68 40
67 69 0
68 0 19
68 1 0
68 2 96
68 3 32
68 4 0
68 5 64
68 6 81
68 7 0
68 8 0
68 9 50
68 10 41
68 11 0
68 12 0
68 13 51
68 14 55
68 15 29
68 16 40
68 17 88
68 18 0
68 19 21
68 20 0
68 21 0
68 22 33
68 23 85
68 24 0
68 25 0
68 26 0
68 27 0
68 28 0
68 29 93
68 30 18
68 31 0
68 32 0
68 33 31
68 34 0
68 35 50
68 36 30
68 37 0
68 38 77
68 39 0
68 40 19
68 41 59
68 42 0
68 43 0
68 44 34
68 45 0
68 46 40
68 47 59
68 48 62
68 49 0
68 50 0
68 51 0
68 52 84
68 53 68
68 54 0
68 55 35
68 56 0
68 57 0
68 58 60
68 59 96
68 60 83
68 61 0
68 62 0
68 63 0
68 64 31
68 65 53
68 66 79
68 67 40
68 68 0
68 69 38
69 0 96
69 1 0
69 2 0
69 3 0
69 4 20
69 5 90
69 6 0
69 7 0
69 8 42
69 9 28
69 10 0
69 11 0
69 12 33
69 13 0
69 14 0
69 15 0
69 16 0
69 17 15
69 18 82
69 19 0
69 20 86
69 21 91
69 22 98
69 23 30
69 24 60
69 25 31
69 26 53
69 27 0
69 28 0
69 29 49
69 30 63
69 31 0
69 32 0
69 33 66
69 34 0
69 35 41
69 36 84
69 37 0
69 38 74
69 39 0
69 40 84
69 41 0
69 42 0
69 43 10
69 44 47
69 45 39
69 46 0
69 47 0
69 48 0
69 49 19
69 50 0
69 51 39
69 52 54
69 53 85
69 54 0
69 55 0
69 56 0
69 57 69
69 58 0
69 59 67
69 60 0
69 61 54
69 62 95
69 63 0
69 64 0
69 65 86
69 66 0
69 67 0
69 68 38
69 69 0
