80
0 0 0
0 1 0
0 2 47
0 3 0
0 4 14
0 5 12
0 6 0
0 7 45
0 8 0
0 9 0
0 10 0
0 11 86
0 12 0
0 13 0
0 14 29
0 15 0
0 16 0
0 17 79
0 18 80
0 19 0
0 20 83
0 21 0
0 22 69
0 23 0
0 24 0
0 25 0
0 26 98
0 27 24
0 28 30
0 29 34
0 30 36
0 31 95
0 32 0
0 33 98
0 34 85
0 35 90
0 36 0
0 37 0
0 38 21
0 39 0
0 40 12
0 41 61
0 42 22
0 43 0
0 44 0
0 45 24
0 46 85
0 47 0
0 48 75
0 49 65
0 50 25
0 51 0
0 52 0
0 53 0
0 54 0
0 55 0
0 56 48
0 57 82
0 58 0
0 59 60
0 60 78
0 61 69
0 62 36
0 63 0
0 64 43
0 65 0
0 66 26
0 67 15
0 68 0
0 69 0
0 70 24
0 71 0
0 72 51
0 73 0
0 74 0
0 75 83
0 76 0
0 77 74
0 78 0
0 79 83
1 0 0
1 1 0
1 2 0
1 3 85
1 4 22
1 5 42
1 6 0
1 7 0
1 8 83
1 9 71
1 10 0
1 11 47
1 12 19
1 13 39
1 14 25
1 15 66
1 16 0
1 17 0
1 18 63
1 19 0
1 20 30
1 21 0
1 22 12
1 23 0
1 24 64
1 25 34
1 26 0
1 27 58
1 28 52
1 29 16
1 30 45
1 31 0
1 32 0
1 33 36
1 34 0
1 35 92
1 36 0
1 37 74
1 38 0
1 39 24
1 40 0
1 41 0
1 42 0
1 43 0
1 44 0
1 45 0
1 46 0
1 47 0
1 48 81
1 49 0
1 50 89
1 51 0
1 52 0
1 53 0
1 54 12
1 55 72
1 56 24
1 57 32
1 58 90
1 59 0
1 60 0
1 61 95
1 62 0
1 63 0
1 64 0
1 65 0
1 66 0
1 67 0
1 68 56
1 69 86
1 70 0
1 71 62
1 72 0
1 73 43
1 74 0
1 75 32
1 76 91
1 77 0
1 78 0
1 79 0
2 0 47
2 1 0
2 2 0
2 3 70
2 4 0
2 5 0
2 6 0
2 7 87
2 8 67
2 9 0
2 10 80
2 11 49
2 12 0
2 13 0
2 14 36
2 15 0
2 16 0
2 17 0
2 18 0
2 19 0
2 20 0
2 21 52
2 22 25
2 23 0
2 24 68
2 25 59
2 26 62
2 27 0
2 28 0
2 29 28
2 30 80
2 31 72
2 32 65
2 33 87
2 34 99
2 35 93
2 36 0
2 37 54
2 38 0
2 39 0
2 40 73
2 41 85
2 42 0
2 43 0
2 44 0
2 45 0
2 46 95
2 47 52
2 48 93
2 49 0
2 50 0
2 51 0
2 52 0
2 53 35
2 54 0
2 55 49
2 56 52
2 57 0
2 58 38
2 59 54
2 60 0
2 61 23
2 62 0
2 63 95
2 64 58
2 65 44
2 66 0
2 67 0
2 68 14
2 69 0
2 70 0
2 71 0
2 72 77
2 73 0
2 74 0
2 75 0
2 76 38
2 77 0
2 78 92
2 79 0
3 0 0
3 1 85
3 2 70
3 3 0
3 4 0
3 5 0
3 6 82
3 7 0
3 8 37
3 9 98
3 10 76
3 11 0
3 12 29
3 13 0
3 14 0
3 15 30
3 16 0
3 17 88
3 18 90
3 19 0
3 20 75
3 21 0
3 22 38
3 23 0
3 24 0
3 25 0
3 26 0
3 27 0
3 28 55
3 29 0
3 30 73
3 31 0
3 32 30
3 33 0
3 34 0
3 35 45
3 36 88
3 37 91
3 38 0
3 39 78
3 40 0
3 41 11
3 42 0
3 43 0
3 44 84
3 45 95
3 46 84
3 47 67
3 48 0
3 49 0
3 50 0
3 51 86
3 52 68
3 53 79
3 54 86
3 55 0
3 56 21
3 57 70
3 58 0
3 59 26
3 60 84
3 61 0
3 62 100
3 63 0
3 64 24
3 65 60
3 66 30
3 67 53
3 68 93
3 69 78
3 70 0
3 71 0
3 72 23
3 73 97
3 74 62
3 75 55
3 76 0
3 77 66
3 78 88
3 79 0
4 0 14
4 1 22
4 2 0
4 3 0
4 4 0
4 5 0
4 6 13
4 7 38
4 8 18
4 9 46
4 10 0
4 11 0
4 12 0
4 13 0
4 14 84
4 15 62
4 16 83
4 17 23
4 18 0
4 19 46
4 20 37
4 21 0
4 22 89
4 23 72
4 24 0
4 25 69
4 26 0
4 27 0
4 28 0
4 29 0
4 30 0
4 31 97
4 32 0
4 33 75
4 34 0
4 35 0
4 36 0
4 37 12
4 38 61
4 39 0
4 40 92
4 41 47
4 42 47
4 43 0
4 44 0
4 45 0
4 46 0
4 47 40
4 48 80
4 49 0
4 50 21
4 51 64
4 52 0
4 53 56
4 54 45
4 55 0
4 56 89
4 57 0
4 58 0
4 59 31
4 60 76
4 61 77
4 62 0
4 63 19
4 64 0
4 65 72
4 66 96
4 67 0
4 68 24
4 69 0
4 70 0
4 71 53
4 72 0
4 73 0
4 74 77
4 75 0
4 76 0
4 77 0
4 78 35
4 79 0
5 0 12
5 1 42
5 2 0
5 3 0
5 4 0
5 5 0
5 6 0
5 7 0
5 8 89
5 9 66
5 10 0
5 11 15
5 12 100
5 13 0
5 14 0
5 15 0
5 16 80
5 17 51
5 18 0
5 19 89
5 20 0
5 21 0
5 22 94
5 23 17
5 24 51
5 25 62
5 26 0
5 27 66
5 28 0
5 29 0
5 30 0
5 31 18
5 32 0
5 33 0
5 34 74
5 35 99
5 36 0
5 37 51
5 38 71
5 39 0
5 40 0
5 41 0
5 42 77
5 43 0
5 44 66
5 45 24
5 46 30
5 47 83
5 48 70
5 49 67
5 50 39
5 51 0
5 52 78
5 53 0
5 54 0
5 55 0
5 56 54
5 57 73
5 58 18
5 59 0
5 60 75
5 61 0
5 62 0
5 63 34
5 64 0
5 65 45
5 66 64
5 67 83
5 68 59
5 69 16
5 70 0
5 71 14
5 72 86
5 73 0
5 74 50
5 75 0
5 76 86
5 77 20
5 78 91
5 79 0
6 0 0
6 1 0
6 2 0
6 3 82
6 4 13
6 5 0
6 6 0
6 7 24
6 8 0
6 9 0
6 10 83
6 11 14
6 12 14
6 13 0
6 14 93
6 15 34
6 16 24
6 17 60
6 18 45
6 19 0
6 20 0
6 21 0
6 22 0
6 23 55
6 24 0
6 25 60
6 26 90
6 27 67
6 28 0
6 29 63
6 30 84
6 31 0
6 32 0
6 33 76
6 34 0
6 35 82
6 36 0
6 37 53
6 38 87
6 39 58
6 40 0
6 41 61
6 42 0
6 43 50
6 44 0
6 45 0
6 46 0
6 47 0
6 48 0
6 49 49
6 50 54
6 51 70
6 52 50
6 53 0
6 54 0
6 55 0
6 56 34
6 57 99
6 58 74
6 59 0
6 60 0
6 61 0
6 62 64
6 63 0
6 64 47
6 65 0
6 66 0
6 67 63
6 68 0
6 69 33
6 70 97
6 71 0
6 72 70
6 73 11
6 74 72
6 75 25
6 76 84
6 77 47
6 78 87
6 79 52
7 0 45
7 1 0
7 2 87
7 3 0
7 4 38
7 5 0
7 6 24
7 7 0
7 8 0
7 9 0
7 10 100
7 11 56
7 12 0
7 13 0
7 14 0
7 15 0
7 16 39
7 17 10
7 18 64
7 19 21
7 20 83
7 21 0
7 22 15
7 23 0
7 24 0
7 25 0
7 26 0
7 27 85
7 28 0
7 29 0
7 30 71
7 31 85
7 32 0
7 33 0
7 34 54
7 35 93
7 36 32
7 37 70
7 38 97
7 39 98
7 40 0
7 41 62
7 42 74
7 43 79
7 44 36
7 45 24
7 46 0
7 47 46
7 48 72
7 49 15
7 50 0
7 51 12
7 52 0
7 53 0
7 54 0
7 55 0
7 56 0
7 57 87
7 58 0
7 59 55
7 60 23
7 61 60
7 62 0
7 63 0
7 64 69
7 65 14
7 66 92
7 67 23
7 68 89
7 69 0
7 70 47
7 71 0
7 72 0
7 73 0
7 74 0
7 75 56
7 76 83
7 77 0
7 78 12
7 79 0
8 0 0
8 1 83
8 2 67
8 3 37
8 4 18
8 5 89
8 6 0
8 7 0
8 8 0
8 9 39
8 10 0
8 11 48
8 12 72
8 13 0
8 14 86
8 15 99
8 16 0
8 17 48
8 18 0
8 19 0
8 20 44
8 21 71
8 22 0
8 23 0
8 24 0
8 25 0
8 26 0
8 27 0
8 28 0
8 29 52
8 30 97
8 31 24
8 32 0
8 33 0
8 34 0
8 35 83
8 36 0
8 37 52
8 38 0
8 39 26
8 40 0
8 41 72
8 42 18
8 43 18
8 44 86
8 45 47
8 46 41
8 47 0
8 48 52
8 49 0
8 50 0
8 51 0
8 52 0
8 53 56
8 54 0
8 55 55
8 56 77
8 57 0
8 58 0
8 59 65
8 60 97
8 61 98
8 62 55
8 63 0
8 64 30
8 65 40
8 66 0
8 67 0
8 68 78
8 69 0
8 70 0
8 71 33
8 72 87
8 73 0
8 74 57
8 75 39
8 76 71
8 77 0
8 78 0
8 79 42
9 0 0
9 1 71
9 2 0
9 3 98
9 4 46
9 5 66
9 6 0
9 7 0
9 8 39
9 9 0
9 10 63
9 11 0
9 12 0
9 13 0
9 14 99
9 15 97
9 16 0
9 17 0
9 18 79
9 19 0
9 20 80
9 21 0
9 22 89
9 23 0
9 24 94
9 25 12
9 26 0
9 27 83
9 28 96
9 29 75
9 30 0
9 31 0
9 32 61
9 33 91
9 34 0
9 35 13
9 36 0
9 37 74
9 38 69
9 39 0
9 40 50
9 41 30
9 42 44
9 43 63
9 44 12
9 45 0
9 46 0
9 47 0
9 48 0
9 49 70
9 50 79
9 51 57
9 52 77
9 53 0
9 54 22
9 55 15
9 56 0
9 57 0
9 58 99
9 59 64
9 60 0
9 61 0
9 62 0
9 63 0
9 64 88
9 65 62
9 66 62
9 67 66
9 68 14
9 69 0
9 70 0
9 71 91
9 72 94
9 73 0
9 74 0
9 75 0
9 76 0
9 77 63
9 78 36
9 79 0
10 0 0
10 1 0
10 2 80
10 3 76
10 4 0
10 5 0
10 6 83
10 7 100
10 8 0
10 9 63
10 10 0
10 11 90
10 12 0
10 13 30
10 14 0
10 15 0
10 16 85
10 17 75
10 18 0
10 19 0
10 20 71
10 21 0
10 22 0
10 23 0
10 24 0
10 25 0
10 26 0
10 27 92
10 28 63
10 29 94
10 30 0
10 31 0
10 32 24
10 33 0
10 34 89
10 35 28
10 36 35
10 37 84
10 38 0
10 39 49
10 40 28
10 41 0
10 42 14
10 43 33
10 44 0
10 45 99
10 46 29
10 47 0
10 48 0
10 49 0
10 50 71
10 51 0
10 52 0
10 53 76
10 54 94
10 55 0
10 56 73
10 57 0
10 58 0
10 59 24
10 60 0
10 61 85
10 62 0
10 63 0
10 64 0
10 65 56
10 66 71
10 67 0
10 68 70
10 69 0
10 70 0
10 71 0
10 72 0
10 73 0
10 74 49
10 75 0
10 76 89
10 77 0
10 78 0
10 79 12
11 0 86
11 1 47
11 2 49
11 3 0
11 4 0
11 5 15
11 6 14
11 7 56
11 8 48
11 9 0
11 10 90
11 11 0
11 12 41
11 13 0
11 14 0
11 15 0
11 16 0
11 17 0
11 18 11
11 19 78
11 20 0
11 21 85
11 22 41
11 23 0
11 24 46
11 25 0
11 26 52
11 27 0
11 28 0
11 29 70
11 30 76
11 31 40
11 32 35
11 33 86
11 34 57
11 35 91
11 36 33
11 37 0
11 38 0
11 39 0
11 40 20
11 41 0
11 42 0
11 43 85
11 44 79
11 45 33
11 46 93
11 47 0
11 48 0
11 49 0
11 50 0
11 51 0
11 52 81
11 53 0
11 54 65
11 55 0
11 56 0
11 57 65
11 58 0
11 59 94
11 60 41
11 61 49
11 62 0
11 63 85
11 64 44
11 65 78
11 66 27
11 67 66
11 68 0
11 69 0
11 70 0
11 71 90
11 72 10
11 73 53
11 74 0
11 75 0
11 76 21
11 77 0
11 78 0
11 79 95
12 0 0
12 1 19
12 2 0
12 3 29
12 4 0
12 5 100
12 6 14
12 7 0
12 8 72
12 9 0
12 10 0
12 11 41
12 12 0
12 13 0
12 14 0
12 15 39
12 16 45
12 17 68
12 18 0
12 19 49
12 20 35
12 21 94
12 22 0
12 23 0
12 24 36
12 25 19
12 26 78
12 27 45
12 28 37
12 29 0
12 30 0
12 31 0
12 32 40
12 33 0
12 34 0
12 35 44
12 36 0
12 37 92
12 38 28
12 39 34
12 40 0
12 41 13
12 42 48
12 43 0
12 44 61
12 45 26
12 46 45
12 47 0
12 48 33
12 49 0
12 50 73
12 51 0
12 52 14
12 53 84
12 54 55
12 55 0
12 56 72
12 57 0
12 58 32
12 59 0
12 60 94
12 61 0
12 62 74
12 63 0
12 64 19
12 65 0
12 66 71
12 67 0
12 68 74
12 69 24
12 70 0
12 71 0
12 72 51
12 73 0
12 74 0
12 75 0
12 76 0
12 77 0
12 78 0
12 79 0
13 0 0
13 1 39
13 2 0
13 3 0
13 4 0
13 5 0
13 6 0
13 7 0
13 8 0
13 9 0
13 10 30
13 11 0
13 12 0
13 13 0
13 14 0
13 15 0
13 16 0
13 17 83
13 18 53
13 19 0
13 20 30
13 21 71
13 22 49
13 23 51
13 24 16
13 25 78
13 26 23
13 27 52
13 28 75
13 29 0
13 30 60
13 31 86
13 32 87
13 33 0
13 34 0
13 35 0
13 36 0
13 37 0
13 38 12
13 39 66
13 40 0
13 41 65
13 42 38
13 43 60
13 44 0
13 45 0
13 46 40
13 47 0
13 48 90
13 49 73
13 50 0
13 51 78
13 52 70
13 53 0
13 54 0
13 55 28
13 56 48
13 57 68
13 58 0
13 59 0
13 60 0
13 61 0
13 62 66
13 63 68
13 64 35
13 65 43
13 66 55
13 67 0
13 68 55
13 69 74
13 70 86
13 71 25
13 72 62
13 73 0
13 74 0
13 75 74
13 76 75
13 77 0
13 78 0
13 79 0
14 0 29
14 1 25
14 2 36
14 3 0
14 4 84
14 5 0
14 6 93
14 7 0
14 8 86
14 9 99
14 10 0
14 11 0
14 12 0
14 13 0
14 14 0
14 15 61
14 16 0
14 17 0
14 18 0
14 19 62
14 20 0
14 21 19
14 22 36
14 23 0
14 24 94
14 25 0
14 26 0
14 27 0
14 28 70
14 29 99
14 30 0
14 31 0
14 32 62
14 33 57
14 34 0
14 35 55
14 36 59
14 37 0
14 38 80
14 39 0
14 40 0
14 41 97
14 42 26
14 43 0
14 44 0
14 45 20
14 46 0
14 47 0
14 48 0
14 49 0
14 50 15
14 51 100
14 52 0
14 53 48
14 54 21
14 55 0
14 56 0
14 57 0
14 58 24
14 59 0
14 60 0
14 61 0
14 62 65
14 63 28
14 64 0
14 65 89
14 66 88
14 67 49
14 68 0
14 69 25
14 70 0
14 71 19
14 72 0
14 73 45
14 74 24
14 75 41
14 76 11
14 77 0
14 78 0
14 79 0
15 0 0
15 1 66
15 2 0
15 3 30
15 4 62
15 5 0
15 6 34
15 7 0
15 8 99
15 9 97
15 10 0
15 11 0
15 12 39
15 13 0
15 14 61
15 15 0
15 16 38
15 17 97
15 18 0
15 19 25
15 20 0
15 21 80
15 22 0
15 23 82
15 24 0
15 25 0
15 26 37
15 27 0
15 28 0
15 29 49
15 30 17
15 31 0
15 32 0
15 33 0
15 34 43
15 35 44
15 36 11
15 37 96
15 38 79
15 39 51
15 40 68
15 41 0
15 42 77
15 43 0
15 44 66
15 45 95
15 46 50
15 47 0
15 48 0
15 49 52
15 50 14
15 51 43
15 52 0
15 53 28
15 54 0
15 55 0
15 56 95
15 57 32
15 58 33
15 59 72
15 60 0
15 61 0
15 62 0
15 63 0
15 64 0
15 65 35
15 66 21
15 67 0
15 68 0
15 69 0
15 70 77
15 71 0
15 72 100
15 73 0
15 74 0
15 75 12
15 76 0
15 77 35
15 78 0
15 79 52
16 0 0
16 1 0
16 2 0
16 3 0
16 4 83
16 5 80
16 6 24
16 7 39
16 8 0
16 9 0
16 10 85
16 11 0
16 12 45
16 13 0
16 14 0
16 15 38
16 16 0
16 17 0
16 18 53
16 19 0
16 20 0
16 21 0
16 22 0
16 23 0
16 24 0
16 25 0
16 26 78
16 27 32
16 28 0
16 29 0
16 30 0
16 31 88
16 32 71
16 33 0
16 34 71
16 35 0
16 36 0
16 37 0
16 38 0
16 39 0
16 40 0
16 41 17
16 42 41
16 43 90
16 44 0
16 45 68
16 46 92
16 47 93
16 48 0
16 49 0
16 50 0
16 51 0
16 52 0
16 53 0
16 54 0
16 55 0
16 56 44
16 57 64
16 58 0
16 59 0
16 60 16
16 61 0
16 62 0
16 63 85
16 64 0
16 65 0
16 66 0
16 67 0
16 68 0
16 69 0
16 70 0
16 71 68
16 72 91
16 73 94
16 74 97
16 75 0
16 76 0
16 77 0
16 78 0
16 79 0
17 0 79
17 1 0
17 2 0
17 3 88
17 4 23
17 5 51
17 6 60
17 7 10
17 8 48
17 9 0
17 10 75
17 11 0
17 12 68
17 13 83
17 14 0
17 15 97
17 16 0
17 17 0
17 18 0
17 19 26
17 20 0
17 21 28
17 22 10
17 23 18
17 24 82
17 25 75
17 26 0
17 27 0
17 28 0
17 29 72
17 30 55
17 31 0
17 32 68
17 33 95
17 34 0
17 35 84
17 36 0
17 37 83
17 38 81
17 39 0
17 40 0
17 41 80
17 42 12
17 43 26
17 44 0
17 45 0
17 46 37
17 47 0
17 48 0
17 49 0
17 50 88
17 51 0
17 52 0
17 53 18
17 54 0
17 55 0
17 56 77
17 57 0
17 58 0
17 59 96
17 60 0
17 61 51
17 62 59
17 63 0
17 64 0
17 65 0
17 66 17
17 67 85
17 68 62
17 69 0
17 70 35
17 71 70
17 72 45
17 73 0
17 74 52
17 75 0
17 76 37
17 77 0
17 78 44
17 79 0
18 0 80
18 1 63
18 2 0
18 3 90
18 4 0
18 5 0
18 6 45
18 7 64
18 8 0
18 9 79
18 10 0
18 11 11
18 12 0
18 13 53
18 14 0
18 15 0
18 16 53
18 17 0
18 18 0
18 19 100
18 20 0
18 21 59
18 22 91
18 23 13
18 24 71
18 25 0
18 26 40
18 27 47
18 28 0
18 29 88
18 30 0
18 31 0
18 32 0
18 33 47
18 34 0
18 35 0
18 36 77
18 37 99
18 38 75
18 39 0
18 40 83
18 41 10
18 42 81
18 43 78
18 44 0
18 45 0
18 46 0
18 47 0
18 48 78
18 49 10
18 50 0
18 51 0
18 52 0
18 53 0
18 54 0
18 55 25
18 56 86
18 57 53
18 58 79
18 59 97
18 60 27
18 61 0
18 62 86
18 63 78
18 64 0
18 65 71
18 66 0
18 67 97
18 68 0
18 69 70
18 70 86
18 71 0
18 72 30
18 73 86
18 74 42
18 75 84
18 76 0
18 77 52
18 78 0
18 79 70
19 0 0
19 1 0
19 2 0
19 3 0
19 4 46
19 5 89
19 6 0
19 7 21
19 8 0
19 9 0
19 10 0
19 11 78
19 12 49
19 13 0
19 14 62
19 15 25
19 16 0
19 17 26
19 18 100
19 19 0
19 20 98
19 21 88
19 22 37
19 23 0
19 24 83
19 25 0
19 26 29
19 27 0
19 28 0
19 29 0
19 30 25
19 31 77
19 32 35
19 33 24
19 34 97
19 35 37
19 36 45
19 37 54
19 38 0
19 39 52
19 40 20
19 41 0
19 42 98
19 43 85
19 44 0
19 45 0
19 46 80
19 47 0
19 48 0
19 49 15
19 50 0
19 51 58
19 52 44
19 53 62
19 54 28
19 55 60
19 56 0
19 57 81
19 58 90
19 59 0
19 60 0
19 61 0
19 62 0
19 63 76
19 64 0
19 65 74
19 66 0
19 67 30
19 68 16
19 69 52
19 70 15
19 71 40
19 72 76
19 73 64
19 74 0
19 75 0
19 76 0
19 77 92
19 78 0
19 79 0
20 0 83
20 1 30
20 2 0
20 3 75
20 4 37
20 5 0
20 6 0
20 7 83
20 8 44
20 9 80
20 10 71
20 11 0
20 12 35
20 13 30
20 14 0
20 15 0
20 16 0
20 17 0
20 18 0
20 19 98
20 20 0
20 21 0
20 22 0
20 23 0
20 24 89
20 25 85
20 26 41
20 27 0
20 28 38
20 29 0
20 30 37
20 31 46
20 32 0
20 33 54
20 34 0
20 35 62
20 36 0
20 37 69
20 38 49
20 39 68
20 40 0
20 41 52
20 42 83
20 43 15
20 44 25
20 45 0
20 46 78
20 47 0
20 48 93
20 49 84
20 50 0
20 51 80
20 52 40
20 53 52
20 54 68
20 55 29
20 56 0
20 57 86
20 58 38
20 59 0
20 60 0
20 61 27
20 62 0
20 63 0
20 64 47
20 65 18
20 66 0
20 67 87
20 68 99
20 69 25
20 70 82
20 71 73
20 72 0
20 73 0
20 74 41
20 75 36
20 76 0
20 77 0
20 78 72
20 79 0
21 0 0
21 1 0
21 2 52
21 3 0
21 4 0
21 5 0
21 6 0
21 7 0
21 8 71
21 9 0
21 10 0
21 11 85
21 12 94
21 13 71
21 14 19
21 15 80
21 16 0
21 17 28
21 18 59
21 19 88
21 20 0
21 21 0
21 22 69
21 23 64
21 24 33
21 25 16
21 26 0
21 27 36
21 28 0
21 29 36
21 30 65
21 31 50
21 32 0
21 33 84
21 34 23
21 35 26
21 36 12
21 37 0
21 38 0
21 39 18
21 40 0
21 41 0
21 42 0
21 43 0
21 44 76
21 45 16
21 46 54
21 47 0
21 48 0
21 49 33
21 50 23
21 51 0
21 52 0
21 53 77
21 54 79
21 55 0
21 56 52
21 57 42
21 58 78
21 59 56
21 60 76
21 61 0
21 62 0
21 63 27
21 64 95
21 65 36
21 66 0
21 67 29
21 68 61
21 69 0
21 70 36
21 71 0
21 72 57
21 73 0
21 74 0
21 75 93
21 76 13
21 77 69
21 78 20
21 79 10
22 0 69
22 1 12
22 2 25
22 3 38
22 4 89
22 5 94
22 6 0
22 7 15
22 8 0
22 9 89
22 10 0
22 11 41
22 12 0
22 13 49
22 14 36
22 15 0
22 16 0
22 17 10
22 18 91
22 19 37
22 20 0
22 21 69
22 22 0
22 23 0
22 24 0
22 25 83
22 26 0
22 27 43
22 28 0
22 29 0
22 30 0
22 31 41
22 32 0
22 33 73
22 34 0
22 35 28
22 36 75
22 37 28
22 38 0
22 39 0
22 40 60
22 41 30
22 42 0
22 43 83
22 44 0
22 45 90
22 46 10
22 47 0
22 48 0
22 49 23
22 50 61
22 51 13
22 52 0
22 53 0
22 54 83
22 55 50
22 56 62
22 57 17
22 58 72
22 59 96
22 60 56
22 61 95
22 62 79
22 63 0
22 64 11
22 65 0
22 66 91
22 67 64
22 68 0
22 69 45
22 70 56
22 71 22
22 72 57
22 73 65
22 74 0
22 75 99
22 76 72
22 77 11
22 78 50
22 79 0
23 0 0
23 1 0
23 2 0
23 3 0
23 4 72
23 5 17
23 6 55
23 7 0
23 8 0
23 9 0
23 10 0
23 11 0
23 12 0
23 13 51
23 14 0
23 15 82
23 16 0
23 17 18
23 18 13
23 19 0
23 20 0
23 21 64
23 22 0
23 23 0
23 24 0
23 25 0
23 26 90
23 27 22
23 28 80
23 29 62
23 30 0
23 31 0
23 32 0
23 33 15
23 34 69
23 35 0
23 36 15
23 37 76
23 38 0
23 39 0
23 40 0
23 41 28
23 42 88
23 43 85
23 44 0
23 45 0
23 46 23
23 47 0
23 48 0
23 49 0
23 50 0
23 51 15
23 52 69
23 53 0
23 54 0
23 55 0
23 56 0
23 57 49
23 58 0
23 59 0
23 60 54
23 61 84
23 62 38
23 63 0
23 64 0
23 65 0
23 66 13
23 67 10
23 68 53
23 69 40
23 70 37
23 71 40
23 72 0
23 73 0
23 74 57
23 75 0
23 76 0
23 77 34
23 78 81
23 79 0
24 0 0
24 1 64
24 2 68
24 3 0
24 4 0
24 5 51
24 6 0
24 7 0
24 8 0
24 9 94
24 10 0
24 11 46
24 12 36
24 13 16
24 14 94
24 15 0
24 16 0
24 17 82
24 18 71
24 19 83
24 20 89
24 21 33
24 22 0
24 23 0
24 24 0
24 25 32
24 26 0
24 27 0
24 28 0
24 29 54
24 30 0
24 31 0
24 32 47
24 33 0
24 34 89
24 35 69
24 36 0
24 37 0
24 38 93
24 39 80
24 40 40
24 41 89
24 42 0
24 43 0
24 44 96
24 45 58
24 46 50
24 47 0
24 48 54
24 49 0
24 50 0
24 51 0
24 52 0
24 53 0
24 54 75
24 55 76
24 56 0
24 57 11
24 58 0
24 59 0
24 60 0
24 61 100
24 62 24
24 63 28
24 64 0
24 65 0
24 66 0
24 67 40
24 68 65
24 69 0
24 70 10
24 71 0
24 72 85
24 73 48
24 74 0
24 75 39
24 76 23
24 77 0
24 78 21
24 79 55
25 0 0
25 1 34
25 2 59
25 3 0
25 4 69
25 5 62
25 6 60
25 7 0
25 8 0
25 9 12
25 10 0
25 11 0
25 12 19
25 13 78
25 14 0
25 15 0
25 16 0
25 17 75
25 18 0
25 19 0
25 20 85
25 21 16
25 22 83
25 23 0
25 24 32
25 25 0
25 26 59
25 27 30
25 28 0
25 29 58
25 30 0
25 31 0
25 32 0
25 33 0
25 34 0
25 35 99
25 36 97
25 37 0
25 38 87
25 39 26
25 40 0
25 41 0
25 42 0
25 43 0
25 44 28
25 45 0
25 46 76
25 47 0
25 48 0
25 49 92
25 50 39
25 51 53
25 52 87
25 53 46
25 54 48
25 55 0
25 56 0
25 57 54
25 58 0
25 59 0
25 60 94
25 61 0
25 62 39
25 63 0
25 64 32
25 65 0
25 66 25
25 67 84
25 68 70
25 69 59
25 70 76
25 71 0
25 72 73
25 73 35
25 74 80
25 75 0
25 76 58
25 77 51
25 78 88
25 79 46
26 0 98
26 1 0
26 2 62
26 3 0
26 4 0
26 5 0
26 6 90
26 7 0
26 8 0
26 9 0
26 10 0
26 11 52
26 12 78
26 13 23
26 14 0
26 15 37
26 16 78
26 17 0
26 18 40
26 19 29
26 20 41
26 21 0
26 22 0
26 23 90
26 24 0
26 25 59
26 26 0
26 27 10
26 28 21
26 29 0
26 30 45
26 31 0
26 32 0
26 33 0
26 34 0
26 35 0
26 36 0
26 37 0
26 38 43
26 39 17
26 40 0
26 41 0
26 42 0
26 43 23
26 44 0
26 45 0
26 46 88
26 47 0
26 48 0
26 49 0
26 50 63
26 51 0
26 52 0
26 53 0
26 54 0
26 55 71
26 56 0
26 57 94
26 58 0
26 59 0
26 60 0
26 61 0
26 62 70
26 63 0
26 64 0
26 65 0
26 66 0
26 67 43
26 68 0
26 69 0
26 70 40
26 71 65
26 72 60
26 73 0
26 74 49
26 75 0
26 76 0
26 77 0
26 78 0
26 79 37
27 0 24
27 1 58
27 2 0
27 3 0
27 4 0
27 5 66
27 6 67
27 7 85
27 8 0
27 9 83
27 10 92
27 11 0
27 12 45
27 13 52
27 14 0
27 15 0
27 16 32
27 17 0
27 18 47
27 19 0
27 20 0
27 21 36
27 22 43
27 23 22
27 24 0
27 25 30
27 26 10
27 27 0
27 28 85
27 29 0
27 30 0
27 31 0
27 32 93
27 33 0
27 34 80
27 35 58
27 36 0
27 37 0
27 38 0
27 39 0
27 40 0
27 41 0
27 42 54
27 43 0
27 44 0
27 45 0
27 46 0
27 47 0
27 48 0
27 49 85
27 50 48
27 51 55
27 52 0
27 53 34
27 54 0
27 55 100
27 56 96
27 57 81
27 58 76
27 59 0
27 60 0
27 61 0
27 62 83
27 63 70
27 64 0
27 65 0
27 66 0
27 67 84
27 68 16
27 69 0
27 70 0
27 71 87
27 72 0
27 73 36
27 74 90
27 75 95
27 76 24
27 77 67
27 78 63
27 79 0
28 0 30
28 1 52
28 2 0
28 3 55
28 4 0
28 5 0
28 6 0
28 7 0
28 8 0
28 9 96
28 10 63
28 11 0
28 12 37
28 13 75
28 14 70
28 15 0
28 16 0
28 17 0
28 18 0
28 19 0
28 20 38
28 21 0
28 22 0
28 23 80
28 24 0
28 25 0
28 26 21
28 27 85
28 28 0
28 29 99
28 30 23
28 31 59
28 32 0
28 33 0
28 34 0
28 35 20
28 36 20
28 37 54
28 38 52
28 39 0
28 40 0
28 41 34
28 42 0
28 43 54
28 44 0
28 45 73
28 46 0
28 47 0
28 48 0
28 49 0
28 50 0
28 51 49
28 52 20
28 53 84
28 54 17
28 55 86
28 56 78
28 57 79
28 58 18
28 59 0
28 60 54
28 61 37
28 62 0
28 63 0
28 64 0
28 65 93
28 66 0
28 67 0
28 68 0
28 69 0
28 70 54
28 71 98
28 72 18
28 73 76
28 74 0
28 75 19
28 76 0
28 77 0
28 78 0
28 79 0
29 0 34
29 1 16
29 2 28
29 3 0
29 4 0
29 5 0
29 6 63
29 7 0
29 8 52
29 9 75
29 10 94
29 11 70
29 12 0
29 13 0
29 14 99
29 15 49
29 16 0
29 17 72
29 18 88
29 19 0
29 20 0
29 21 36
29 22 0
29 23 62
29 24 54
29 25 58
29 26 0
29 27 0
29 28 99
29 29 0
29 30 0
29 31 0
29 32 83
29 33 80
29 34 0
29 35 79
29 36 0
29 37 75
29 38 95
29 39 0
29 40 94
29 41 34
29 42 0
29 43 22
29 44 43
29 45 0
29 46 87
29 47 75
29 48 0
29 49 77
29 50 94
29 51 30
29 52 83
29 53 11
29 54 0
29 55 91
29 56 100
29 57 80
29 58 0
29 59 81
29 60 0
29 61 46
29 62 0
29 63 0
29 64 0
29 65 0
29 66 0
29 67 0
29 68 0
29 69 87
29 70 0
29 71 0
29 72 0
29 73 63
29 74 86
29 75 0
29 76 0
29 77 83
29 78 0
29 79 25
30 0 36
30 1 45
30 2 80
30 3 73
30 4 0
30 5 0
30 6 84
30 7 71
30 8 97
30 9 0
30 10 0
30 11 76
30 12 0
30 13 60
30 14 0
30 15 17
30 16 0
30 17 55
30 18 0
30 19 25
30 20 37
30 21 65
30 22 0
30 23 0
30 24 0
30 25 0
30 26 45
30 27 0
30 28 23
30 29 0
30 30 0
30 31 0
30 32 0
30 33 55
30 34 79
30 35 0
30 36 28
30 37 12
30 38 22
30 39 0
30 40 21
30 41 91
30 42 25
30 43 18
30 44 73
30 45 25
30 46 0
30 47 83
30 48 0
30 49 0
30 50 0
30 51 74
30 52 65
30 53 0
30 54 43
30 55 0
30 56 74
30 57 0
30 58 26
30 59 71
30 60 74
30 61 0
30 62 0
30 63 20
30 64 38
30 65 0
30 66 0
30 67 74
30 68 0
30 69 0
30 70 0
30 71 0
30 72 0
30 73 67
30 74 67
30 75 89
30 76 66
30 77 0
30 78 63
30 79 0
31 0 95
31 1 0
31 2 72
31 3 0
31 4 97
31 5 18
31 6 0
31 7 85
31 8 24
31 9 0
31 10 0
31 11 40
31 12 0
31 13 86
31 14 0
31 15 0
31 16 88
31 17 0
31 18 0
31 19 77
31 20 46
31 21 50
31 22 41
31 23 0
31 24 0
31 25 0
31 26 0
31 27 0
31 28 59
31 29 0
31 30 0
31 31 0
31 32 0
31 33 0
31 34 0
31 35 0
31 36 50
31 37 0
31 38 51
31 39 0
31 40 0
31 41 91
31 42 0
31 43 41
31 44 18
31 45 0
31 46 0
31 47 0
31 48 65
31 49 0
31 50 0
31 51 74
31 52 53
31 53 0
31 54 38
31 55 92
31 56 64
31 57 29
31 58 57
31 59 0
31 60 0
31 61 0
31 62 34
31 63 27
31 64 58
31 65 70
31 66 40
31 67 76
31 68 21
31 69 0
31 70 71
31 71 11
31 72 0
31 73 27
31 74 83
31 75 78
31 76 0
31 77 0
31 78 58
31 79 44
32 0 0
32 1 0
32 2 65
32 3 30
32 4 0
32 5 0
32 6 0
32 7 0
32 8 0
32 9 61
32 10 24
32 11 35
32 12 40
32 13 87
32 14 62
32 15 0
32 16 71
32 17 68
32 18 0
32 19 35
32 20 0
32 21 0
32 22 0
32 23 0
32 24 47
32 25 0
32 26 0
32 27 93
32 28 0
32 29 83
32 30 0
32 31 0
32 32 0
32 33 0
32 34 70
32 35 0
32 36 0
32 37 0
32 38 42
32 39 0
32 40 0
32 41 15
32 42 0
32 43 48
32 44 47
32 45 0
32 46 0
32 47 29
32 48 57
32 49 68
32 50 0
32 51 62
32 52 24
32 53 85
32 54 38
32 55 0
32 56 0
32 57 92
32 58 0
32 59 0
32 60 77
32 61 0
32 62 0
32 63 0
32 64 0
32 65 0
32 66 64
32 67 60
32 68 0
32 69 70
32 70 13
32 71 72
32 72 52
32 73 0
32 74 0
32 75 0
32 76 0
32 77 0
32 78 41
32 79 0
33 0 98
33 1 36
33 2 87
33 3 0
33 4 75
33 5 0
33 6 76
33 7 0
33 8 0
33 9 91
33 10 0
33 11 86
33 12 0
33 13 0
33 14 57
33 15 0
33 16 0
33 17 95
33 18 47
33 19 24
33 20 54
33 21 84
33 22 73
33 23 15
33 24 0
33 25 0
33 26 0
33 27 0
33 28 0
33 29 80
33 30 55
33 31 0
33 32 0
33 33 0
33 34 93
33 35 0
33 36 60
33 37 0
33 38 0
33 39 53
33 40 11
33 41 61
33 42 68
33 43 0
33 44 0
33 45 0
33 46 0
33 47 0
33 48 0
33 49 0
33 50 25
33 51 49
33 52 0
33 53 27
33 54 20
33 55 0
33 56 0
33 57 0
33 58 14
33 59 93
33 60 0
33 61 85
33 62 38
33 63 0
33 64 15
33 65 0
33 66 14
33 67 45
33 68 36
33 69 0
33 70 41
33 71 0
33 72 0
33 73 69
33 74 30
33 75 76
33 76 0
33 77 40
33 78 82
33 79 43
34 0 85
34 1 0
34 2 99
34 3 0
34 4 0
34 5 74
34 6 0
34 7 54
34 8 0
34 9 0
34 10 89
34 11 57
34 12 0
34 13 0
34 14 0
34 15 43
34 16 71
34 17 0
34 18 0
34 19 97
34 20 0
34 21 23
34 22 0
34 23 69
34 24 89
34 25 0
34 26 0
34 27 80
34 28 0
34 29 0
34 30 79
34 31 0
34 32 70
34 33 93
34 34 0
34 35 0
34 36 89
34 37 45
34 38 0
34 39 0
34 40 0
34 41 51
34 42 0
34 43 62
34 44 66
34 45 16
34 46 100
34 47 0
34 48 0
34 49 0
34 50 0
34 51 34
34 52 0
34 53 0
34 54 57
34 55 0
34 56 0
34 57 25
34 58 37
34 59 0
34 60 0
34 61 71
34 62 0
34 63 30
34 64 0
34 65 0
34 66 0
34 67 66
34 68 34
34 69 16
34 70 0
34 71 0
34 72 0
34 73 76
34 74 27
34 75 24
34 76 87
34 77 0
34 78 45
34 79 0
35 0 90
35 1 92
35 2 93
35 3 45
35 4 0
35 5 99
35 6 82
35 7 93
35 8 83
35 9 13
35 10 28
35 11 91
35 12 44
35 13 0
35 14 55
35 15 44
35 16 0
35 17 84
35 18 0
35 19 37
35 20 62
35 21 26
35 22 28
35 23 0
35 24 69
35 25 99
35 26 0
35 27 58
35 28 20
35 29 79
35 30 0
35 31 0
35 32 0
35 33 0
35 34 0
35 35 0
35 36 86
35 37 64
35 38 10
35 39 21
35 40 92
35 41 0
35 42 89
35 43 0
35 44 93
35 45 0
35 46 0
35 47 0
35 48 21
35 49 48
35 50 64
35 51 0
35 52 0
35 53 0
35 54 0
35 55 0
35 56 10
35 57 37
35 58 0
35 59 63
35 60 0
35 61 0
35 62 49
35 63 93
35 64 17
35 65 0
35 66 0
35 67 0
35 68 75
35 69 18
35 70 43
35 71 0
35 72 0
35 73 0
35 74 0
35 75 0
35 76 0
35 77 0
35 78 92
35 79 0
36 0 0
36 1 0
36 2 0
36 3 88
36 4 0
36 5 0
36 6 0
36 7 32
36 8 0
36 9 0
36 10 35
36 11 33
36 12 0
36 13 0
36 14 59
36 15 11
36 16 0
36 17 0
36 18 77
36 19 45
36 20 0
36 21 12
36 22 75
36 23 15
36 24 0
36 25 97
36 26 0
36 27 0
36 28 20
36 29 0
36 30 28
36 31 50
36 32 0
36 33 60
36 34 89
36 35 86
36 36 0
36 37 45
36 38 89
36 39 12
36 40 88
36 41 0
36 42 0
36 43 68
36 44 0
36 45 17
36 46 48
36 47 89
36 48 0
36 49 23
36 50 86
36 51 0
36 52 0
36 53 0
36 54 45
36 55 0
36 56 78
36 57 20
36 58 0
36 59 21
36 60 87
36 61 60
36 62 49
36 63 0
36 64 31
36 65 0
36 66 0
36 67 96
36 68 52
36 69 51
36 70 0
36 71 12
36 72 18
36 73 11
36 74 25
36 75 71
36 76 0
36 77 0
36 78 0
36 79 26
37 0 0
37 1 74
37 2 54
37 3 91
37 4 12
37 5 51
37 6 53
37 7 70
37 8 52
37 9 74
37 10 84
37 11 0
37 12 92
37 13 0
37 14 0
37 15 96
37 16 0
37 17 83
37 18 99
37 19 54
37 20 69
37 21 0
37 22 28
37 23 76
37 24 0
37 25 0
37 26 0
37 27 0
37 28 54
37 29 75
37 30 12
37 31 0
37 32 0
37 33 0
37 34 45
37 35 64
37 36 45
37 37 0
37 38 12
37 39 50
37 40 0
37 41 43
37 42 53
37 43 89
37 44 64
37 45 64
37 46 0
37 47 32
37 48 89
37 49 63
37 50 0
37 51 0
37 52 65
37 53 0
37 54 29
37 55 90
37 56 0
37 57 28
37 58 34
37 59 0
37 60 38
37 61 37
37 62 0
37 63 0
37 64 40
37 65 0
37 66 42
37 67 69
37 68 44
37 69 0
37 70 0
37 71 0
37 72 0
37 73 41
37 74 0
37 75 11
37 76 98
37 77 35
37 78 0
37 79 82
38 0 21
38 1 0
38 2 0
38 3 0
38 4 61
38 5 71
38 6 87
38 7 97
38 8 0
38 9 69
38 10 0
38 11 0
38 12 28
38 13 12
38 14 80
38 15 79
38 16 0
38 17 81
38 18 75
38 19 0
38 20 49
38 21 0
38 22 0
38 23 0
38 24 93
38 25 87
38 26 43
38 27 0
38 28 52
38 29 95
38 30 22
38 31 51
38 32 42
38 33 0
38 34 0
38 35 10
38 36 89
38 37 12
38 38 0
38 39 0
38 40 86
38 41 0
38 42 0
38 43 91
38 44 51
38 45 36
38 46 61
38 47 0
38 48 77
38 49 0
38 50 60
38 51 0
38 52 88
38 53 0
38 54 0
38 55 26
38 56 0
38 57 27
38 58 0
38 59 50
38 60 0
38 61 60
38 62 0
38 63 0
38 64 29
38 65 0
38 66 10
38 67 37
38 68 0
38 69 0
38 70 19
38 71 0
38 72 0
38 73 87
38 74 0
38 75 58
38 76 0
38 77 0
38 78 0
38 79 0
39 0 0
39 1 24
39 2 0
39 3 78
39 4 0
39 5 0
39 6 58
39 7 98
39 8 26
39 9 0
39 10 49
39 11 0
39 12 34
39 13 66
39 14 0
39 15 51
39 16 0
39 17 0
39 18 0
39 19 52
39 20 68
39 21 18
39 22 0
39 23 0
39 24 80
39 25 26
39 26 17
39 27 0
39 28 0
39 29 0
39 30 0
39 31 0
39 32 0
39 33 53
39 34 0
39 35 21
39 36 12
39 37 50
39 38 0
39 39 0
39 40 0
39 41 50
39 42 43
39 43 83
39 44 77
39 45 40
39 46 83
39 47 55
39 48 0
39 49 0
39 50 65
39 51 0
39 52 39
39 53 60
39 54 0
39 55 0
39 56 71
39 57 43
39 58 25
39 59 0
39 60 48
39 61 49
39 62 89
39 63 73
39 64 0
39 65 93
39 66 0
39 67 0
39 68 92
39 69 0
39 70 48
39 71 0
39 72 0
39 73 0
39 74 88
39 75 0
39 76 0
39 77 90
39 78 38
39 79 94
40 0 12
40 1 0
40 2 73
40 3 0
40 4 92
40 5 0
40 6 0
40 7 0
40 8 0
40 9 50
40 10 28
40 11 20
40 12 0
40 13 0
40 14 0
40 15 68
40 16 0
40 17 0
40 18 83
40 19 20
40 20 0
40 21 0
40 22 60
40 23 0
40 24 40
40 25 0
40 26 0
40 27 0
40 28 0
40 29 94
40 30 21
40 31 0
40 32 0
40 33 11
40 34 0
40 35 92
40 36 88
40 37 0
40 38 86
40 39 0
40 40 0
40 41 0
40 42 77
40 43 0
40 44 91
40 45 0
40 46 23
40 47 0
40 48 0
40 49 56
40 50 28
40 51 0
40 52 26
40 53 0
40 54 0
40 55 39
40 56 0
40 57 0
40 58 92
40 59 0
40 60 0
40 61 98
40 62 29
40 63 0
40 64 0
40 65 0
40 66 71
40 67 85
40 68 86
40 69 11
40 70 0
40 71 30
40 72 0
40 73 0
40 74 96
40 75 0
40 76 0
40 77 35
40 78 0
40 79 18
41 0 61
41 1 0
41 2 85
41 3 11
41 4 47
41 5 0
41 6 61
41 7 62
41 8 72
41 9 30
41 10 0
41 11 0
41 12 13
41 13 65
41 14 97
41 15 0
41 16 17
41 17 80
41 18 10
41 19 0
41 20 52
41 21 0
41 22 30
41 23 28
41 24 89
41 25 0
41 26 0
41 27 0
41 28 34
41 29 34
41 30 91
41 31 91
41 32 15
41 33 61
41 34 51
41 35 0
41 36 0
41 37 43
41 38 0
41 39 50
41 40 0
41 41 0
41 42 62
41 43 0
41 44 32
41 45 14
41 46 45
41 47 68
41 48 0
41 49 39
41 50 0
41 51 0
41 52 0
41 53 10
41 54 0
41 55 0
41 56 0
41 57 0
41 58 0
41 59 0
41 60 13
41 61 13
41 62 96
41 63 27
41 64 0
41 65 57
41 66 69
41 67 0
41 68 95
41 69 15
41 70 21
41 71 27
41 72 78
41 73 0
41 74 83
41 75 70
41 76 0
41 77 0
41 78 0
41 79 0
42 0 22
42 1 0
42 2 0
42 3 0
42 4 47
42 5 77
42 6 0
42 7 74
42 8 18
42 9 44
42 10 14
42 11 0
42 12 48
42 13 38
42 14 26
42 15 77
42 16 41
42 17 12
42 18 81
42 19 98
42 20 83
42 21 0
42 22 0
42 23 88
42 24 0
42 25 0
42 26 0
42 27 54
42 28 0
42 29 0
42 30 25
42 31 0
42 32 0
42 33 68
42 34 0
42 35 89
42 36 0
42 37 53
42 38 0
42 39 43
42 40 77
42 41 62
42 42 0
42 43 24
42 44 0
42 45 0
42 46 95
42 47 0
42 48 0
42 49 42
42 50 0
42 51 57
42 52 0
42 53 37
42 54 0
42 55 20
42 56 87
42 57 0
42 58 0
42 59 69
42 60 0
42 61 28
42 62 0
42 63 21
42 64 56
42 65 60
42 66 49
42 67 0
42 68 0
42 69 19
42 70 0
42 71 0
42 72 52
42 73 0
42 74 0
42 75 0
42 76 43
42 77 10
42 78 0
42 79 85
43 0 0
43 1 0
43 2 0
43 3 0
43 4 0
43 5 0
43 6 50
43 7 79
43 8 18
43 9 63
43 10 33
43 11 85
43 12 0
43 13 60
43 14 0
43 15 0
43 16 90
43 17 26
43 18 78
43 19 85
43 20 15
43 21 0
43 22 83
43 23 85
43 24 0
43 25 0
43 26 23
43 27 0
43 28 54
43 29 22
43 30 18
43 31 41
43 32 48
43 33 0
43 34 62
43 35 0
43 36 68
43 37 89
43 38 91
43 39 83
43 40 0
43 41 0
43 42 24
43 43 0
43 44 89
43 45 0
43 46 14
43 47 50
43 48 66
43 49 100
43 50 0
43 51 0
43 52 39
43 53 0
43 54 0
43 55 92
43 56 0
43 57 33
43 58 39
43 59 67
43 60 14
43 61 0
43 62 0
43 63 0
43 64 54
43 65 98
43 66 99
43 67 0
43 68 86
43 69 73
43 70 0
43 71 0
43 72 0
43 73 0
43 74 63
43 75 0
43 76 0
43 77 0
43 78 0
43 79 25
44 0 0
44 1 0
44 2 0
44 3 84
44 4 0
44 5 66
44 6 0
44 7 36
44 8 86
44 9 12
44 10 0
44 11 79
44 12 61
44 13 0
44 14 0
44 15 66
44 16 0
44 17 0
44 18 0
44 19 0
44 20 25
44 21 76
44 22 0
44 23 0
44 24 96
44 25 28
44 26 0
44 27 0
44 28 0
44 29 43
44 30 73
44 31 18
44 32 47
44 33 0
44 34 66
44 35 93
44 36 0
44 37 64
44 38 51
44 39 77
44 40 91
44 41 32
44 42 0
44 43 89
44 44 0
44 45 0
44 46 0
44 47 0
44 48 33
44 49 23
44 50 81
44 51 55
44 52 0
44 53 0
44 54 70
44 55 97
44 56 83
44 57 0
44 58 74
44 59 70
44 60 0
44 61 74
44 62 70
44 63 0
44 64 88
44 65 0
44 66 0
44 67 0
44 68 0
44 69 0
44 70 0
44 71 0
44 72 94
44 73 38
44 74 91
44 75 76
44 76 0
44 77 37
44 78 53
44 79 0
45 0 24
45 1 0
45 2 0
45 3 95
45 4 0
45 5 24
45 6 0
45 7 24
45 8 47
45 9 0
45 10 99
45 11 33
45 12 26
45 13 0
45 14 20
45 15 95
45 16 68
45 17 0
45 18 0
45 19 0
45 20 0
45 21 16
45 22 90
45 23 0
45 24 58
45 25 0
45 26 0
45 27 0
45 28 73
45 29 0
45 30 25
45 31 0
45 32 0
45 33 0
45 34 16
45 35 0
45 36 17
45 37 64
45 38 36
45 39 40
45 40 0
45 41 14
45 42 0
45 43 0
45 44 0
45 45 0
45 46 17
45 47 0
45 48 0
45 49 31
45 50 0
45 51 0
45 52 0
45 53 0
45 54 90
45 55 0
45 56 0
45 57 0
45 58 0
45 59 82
45 60 66
45 61 0
45 62 87
45 63 0
45 64 0
45 65 60
45 66 0
45 67 16
45 68 0
45 69 0
45 70 0
45 71 73
45 72 49
45 73 0
45 74 0
45 75 0
45 76 62
45 77 61
45 78 0
45 79 42
46 0 85
46 1 0
46 2 95
46 3 84
46 4 0
46 5 30
46 6 0
46 7 0
46 8 41
46 9 0
46 10 29
46 11 93
46 12 45
46 13 40
46 14 0
46 15 50
46 16 92
46 17 37
46 18 0
46 19 80
46 20 78
46 21 54
46 22 10
46 23 23
46 24 50
46 25 76
46 26 88
46 27 0
46 28 0
46 29 87
46 30 0
46 31 0
46 32 0
46 33 0
46 34 100
46 35 0
46 36 48
46 37 0
46 38 61
46 39 83
46 40 23
46 41 45
46 42 95
46 43 14
46 44 0
46 45 17
46 46 0
46 47 35
46 48 68
46 49 80
46 50 55
46 51 34
46 52 0
46 53 60
46 54 0
46 55 69
46 56 89
46 57 94
46 58 61
46 59 0
46 60 84
46 61 0
46 62 72
46 63 40
46 64 0
46 65 20
46 66 97
46 67 0
46 68 0
46 69 97
46 70 16
46 71 88
46 72 86
46 73 47
46 74 91
46 75 0
46 76 0
46 77 0
46 78 63
46 79 0
47 0 0
47 1 0
47 2 52
47 3 67
47 4 40
47 5 83
47 6 0
47 7 46
47 8 0
47 9 0
47 10 0
47 11 0
47 12 0
47 13 0
47 14 0
47 15 0
47 16 93
47 17 0
47 18 0
47 19 0
47 20 0
47 21 0
47 22 0
47 23 0
47 24 0
47 25 0
47 26 0
47 27 0
47 28 0
47 29 75
47 30 83
47 31 0
47 32 29
47 33 0
47 34 0
47 35 0
47 36 89
47 37 32
47 38 0
47 39 55
47 40 0
47 41 68
47 42 0
47 43 50
47 44 0
47 45 0
47 46 35
47 47 0
47 48 0
47 49 77
47 50 0
47 51 29
47 52 0
47 53 98
47 54 0
47 55 79
47 56 0
47 57 84
47 58 0
47 59 47
47 60 0
47 61 29
47 62 0
47 63 0
47 64 47
47 65 0
47 66 81
47 67 21
47 68 0
47 69 28
47 70 75
47 71 54
47 72 0
47 73 0
47 74 0
47 75 0
47 76 0
47 77 43
47 78 74
47 79 0
48 0 75
48 1 81
48 2 93
48 3 0
48 4 80
48 5 70
48 6 0
48 7 72
48 8 52
48 9 0
48 10 0
48 11 0
48 12 33
48 13 90
48 14 0
48 15 0
48 16 0
48 17 0
48 18 78
48 19 0
48 20 93
48 21 0
48 22 0
48 23 0
48 24 54
48 25 0
48 26 0
48 27 0
48 28 0
48 29 0
48 30 0
48 31 65
48 32 57
48 33 0
48 34 0
48 35 21
48 36 0
48 37 89
48 38 77
48 39 0
48 40 0
48 41 0
48 42 0
48 43 66
48 44 33
48 45 0
48 46 68
48 47 0
48 48 0
48 49 0
48 50 0
48 51 0
48 52 0
48 53 0
48 54 53
48 55 12
48 56 0
48 57 0
48 58 80
48 59 36
48 60 0
48 61 49
48 62 33
48 63 77
48 64 0
48 65 0
48 66 0
48 67 0
48 68 0
48 69 71
48 70 31
48 71 69
48 72 23
48 73 0
48 74 64
48 75 0
48 76 95
48 77 0
48 78 0
48 79 53
49 0 65
49 1 0
49 2 0
49 3 0
49 4 0
49 5 67
49 6 49
49 7 15
49 8 0
49 9 70
49 10 0
49 11 0
49 12 0
49 13 73
49 14 0
49 15 52
49 16 0
49 17 0
49 18 10
49 19 15
49 20 84
49 21 33
49 22 23
49 23 0
49 24 0
49 25 92
49 26 0
49 27 85
49 28 0
49 29 77
49 30 0
49 31 0
49 32 68
49 33 0
49 34 0
49 35 48
49 36 23
49 37 63
49 38 0
49 39 0
49 40 56
49 41 39
49 42 42
49 43 100
49 44 23
49 45 31
49 46 80
49 47 77
49 48 0
49 49 0
49 50 0
49 51 0
49 52 30
49 53 71
49 54 76
49 55 0
49 56 80
49 57 67
49 58 0
49 59 0
49 60 29
49 61 0
49 62 10
49 63 37
49 64 0
49 65 0
49 66 0
49 67 70
49 68 31
49 69 37
49 70 0
49 71 0
49 72 85
49 73 0
49 74 0
49 75 92
49 76 0
49 77 47
49 78 89
49 79 40
50 0 25
50 1 89
50 2 0
50 3 0
50 4 21
50 5 39
50 6 54
50 7 0
50 8 0
50 9 79
50 10 71
50 11 0
50 12 73
50 13 0
50 14 15
50 15 14
50 16 0
50 17 88
50 18 0
50 19 0
50 20 0
50 21 23
50 22 61
50 23 0
50 24 0
50 25 39
50 26 63
50 27 48
50 28 0
50 29 94
50 30 0
50 31 0
50 32 0
50 33 25
50 34 0
50 35 64
50 36 86
50 37 0
50 38 60
50 39 65
50 40 28
50 41 0
50 42 0
50 43 0
50 44 81
50 45 0
50 46 55
50 47 0
50 48 0
50 49 0
50 50 0
50 51 68
50 52 0
50 53 0
50 54 70
50 55 0
50 56 0
50 57 0
50 58 72
50 59 0
50 60 0
50 61 40
50 62 0
50 63 0
50 64 51
50 65 0
50 66 0
50 67 72
50 68 0
50 69 0
50 70 54
50 71 95
50 72 97
50 73 0
50 74 0
50 75 27
50 76 0
50 77 15
50 78 96
50 79 63
51 0 0
51 1 0
51 2 0
51 3 86
51 4 64
51 5 0
51 6 70
51 7 12
51 8 0
51 9 57
51 10 0
51 11 0
51 12 0
51 13 78
51 14 100
51 15 43
51 16 0
51 17 0
51 18 0
51 19 58
51 20 80
51 21 0
51 22 13
51 23 15
51 24 0
51 25 53
51 26 0
51 27 55
51 28 49
51 29 30
51 30 74
51 31 74
51 32 62
51 33 49
51 34 34
51 35 0
51 36 0
51 37 0
51 38 0
51 39 0
51 40 0
51 41 0
51 42 57
51 43 0
51 44 55
51 45 0
51 46 34
51 47 29
51 48 0
51 49 0
51 50 68
51 51 0
51 52 67
51 53 99
51 54 13
51 55 0
51 56 0
51 57 77
51 58 0
51 59 100
51 60 0
51 61 0
51 62 69
51 63 82
51 64 0
51 65 62
51 66 0
51 67 0
51 68 98
51 69 0
51 70 0
51 71 0
51 72 0
51 73 86
51 74 0
51 75 45
51 76 0
51 77 0
51 78 0
51 79 0
52 0 0
52 1 0
52 2 0
52 3 68
52 4 0
52 5 78
52 6 50
52 7 0
52 8 0
52 9 77
52 10 0
52 11 81
52 12 14
52 13 70
52 14 0
52 15 0
52 16 0
52 17 0
52 18 0
52 19 44
52 20 40
52 21 0
52 22 0
52 23 69
52 24 0
52 25 87
52 26 0
52 27 0
52 28 20
52 29 83
52 30 65
52 31 53
52 32 24
52 33 0
52 34 0
52 35 0
52 36 0
52 37 65
52 38 88
52 39 39
52 40 26
52 41 0
52 42 0
52 43 39
52 44 0
52 45 0
52 46 0
52 47 0
52 48 0
52 49 30
52 50 0
52 51 67
52 52 0
52 53 0
52 54 0
52 55 0
52 56 0
52 57 0
52 58 27
52 59 0
52 60 27
52 61 0
52 62 0
52 63 22
52 64 10
52 65 93
52 66 82
52 67 0
52 68 0
52 69 0
52 70 11
52 71 16
52 72 43
52 73 0
52 74 0
52 75 12
52 76 22
52 77 0
52 78 51
52 79 0
53 0 0
53 1 0
53 2 35
53 3 79
53 4 56
53 5 0
53 6 0
53 7 0
53 8 56
53 9 0
53 10 76
53 11 0
53 12 84
53 13 0
53 14 48
53 15 28
53 16 0
53 17 18
53 18 0
53 19 62
53 20 52
53 21 77
53 22 0
53 23 0
53 24 0
53 25 46
53 26 0
53 27 34
53 28 84
53 29 11
53 30 0
53 31 0
53 32 85
53 33 27
53 34 0
53 35 0
53 36 0
53 37 0
53 38 0
53 39 60
53 40 0
53 41 10
53 42 37
53 43 0
53 44 0
53 45 0
53 46 60
53 47 98
53 48 0
53 49 71
53 50 0
53 51 99
53 52 0
53 53 0
53 54 0
53 55 0
53 56 0
53 57 0
53 58 35
53 59 55
53 60 0
53 61 27
53 62 0
53 63 89
53 64 0
53 65 0
53 66 0
53 67 0
53 68 12
53 69 75
53 70 94
53 71 33
53 72 0
53 73 34
53 74 0
53 75 0
53 76 76
53 77 12
53 78 0
53 79 92
54 0 0
54 1 12
54 2 0
54 3 86
54 4 45
54 5 0
54 6 0
54 7 0
54 8 0
54 9 22
54 10 94
54 11 65
54 12 55
54 13 0
54 14 21
54 15 0
54 16 0
54 17 0
54 18 0
54 19 28
54 20 68
54 21 79
54 22 83
54 23 0
54 24 75
54 25 48
54 26 0
54 27 0
54 28 17
54 29 0
54 30 43
54 31 38
54 32 38
54 33 20
54 34 57
54 35 0
54 36 45
54 37 29
54 38 0
54 39 0
54 40 0
54 41 0
54 42 0
54 43 0
54 44 70
54 45 90
54 46 0
54 47 0
54 48 53
54 49 76
54 50 70
54 51 13
54 52 0
54 53 0
54 54 0
54 55 0
54 56 64
54 57 55
54 58 92
54 59 62
54 60 0
54 61 0
54 62 25
54 63 0
54 64 45
54 65 72
54 66 0
54 67 0
54 68 39
54 69 76
54 70 0
54 71 96
54 72 88
54 73 0
54 74 0
54 75 0
54 76 14
54 77 49
54 78 82
54 79 59
55 0 0
55 1 72
55 2 49
55 3 0
55 4 0
55 5 0
55 6 0
55 7 0
55 8 55
55 9 15
55 10 0
55 11 0
55 12 0
55 13 28
55 14 0
55 15 0
55 16 0
55 17 0
55 18 25
55 19 60
55 20 29
55 21 0
55 22 50
55 23 0
55 24 76
55 25 0
55 26 71
55 27 100
55 28 86
55 29 91
55 30 0
55 31 92
55 32 0
55 33 0
55 34 0
55 35 0
55 36 0
55 37 90
55 38 26
55 39 0
55 40 39
55 41 0
55 42 20
55 43 92
55 44 97
55 45 0
55 46 69
55 47 79
55 48 12
55 49 0
55 50 0
55 51 0
55 52 0
55 53 0
55 54 0
55 55 0
55 56 52
55 57 0
55 58 40
55 59 83
55 60 0
55 61 0
55 62 21
55 63 75
55 64 0
55 65 0
55 66 78
55 67 0
55 68 10
55 69 0
55 70 0
55 71 92
55 72 0
55 73 0
55 74 0
55 75 92
55 76 0
55 77 0
55 78 50
55 79 0
56 0 48
56 1 24
56 2 52
56 3 21
56 4 89
56 5 54
56 6 34
56 7 0
56 8 77
56 9 0
56 10 73
56 11 0
56 12 72
56 13 48
56 14 0
56 15 95
56 16 44
56 17 77
56 18 86
56 19 0
56 20 0
56 21 52
56 22 62
56 23 0
56 24 0
56 25 0
56 26 0
56 27 96
56 28 78
56 29 100
56 30 74
56 31 64
56 32 0
56 33 0
56 34 0
56 35 10
56 36 78
56 37 0
56 38 0
56 39 71
56 40 0
56 41 0
56 42 87
56 43 0
56 44 83
56 45 0
56 46 89
56 47 0
56 48 0
56 49 80
56 50 0
56 51 0
56 52 0
56 53 0
56 54 64
56 55 52
56 56 0
56 57 10
56 58 12
56 59 71
56 60 61
56 61 51
56 62 58
56 63 75
56 64 0
56 65 42
56 66 0
56 67 63
56 68 0
56 69 0
56 70 52
56 71 0
56 72 42
56 73 35
56 74 84
56 75 0
56 76 41
56 77 32
56 78 45
56 79 54
57 0 82
57 1 32
57 2 0
57 3 70
57 4 0
57 5 73
57 6 99
57 7 87
57 8 0
57 9 0
57 10 0
57 11 65
57 12 0
57 13 68
57 14 0
57 15 32
57 16 64
57 17 0
57 18 53
57 19 81
57 20 86
57 21 42
57 22 17
57 23 49
57 24 11
57 25 54
57 26 94
57 27 81
57 28 79
57 29 80
57 30 0
57 31 29
57 32 92
57 33 0
57 34 25
57 35 37
57 36 20
57 37 28
57 38 27
57 39 43
57 40 0
57 41 0
57 42 0
57 43 33
57 44 0
57 45 0
57 46 94
57 47 84
57 48 0
57 49 67
57 50 0
57 51 77
57 52 0
57 53 0
57 54 55
57 55 0
57 56 10
57 57 0
57 58 88
57 59 0
57 60 0
57 61 0
57 62 0
57 63 61
57 64 0
57 65 63
57 66 0
57 67 0
57 68 0
57 69 0
57 70 0
57 71 0
57 72 0
57 73 0
57 74 30
57 75 0
57 76 91
57 77 89
57 78 91
57 79 0
58 0 0
58 1 90
58 2 38
58 3 0
58 4 0
58 5 18
58 6 74
58 7 0
58 8 0
58 9 99
58 10 0
58 11 0
58 12 32
58 13 0
58 14 24
58 15 33
58 16 0
58 17 0
58 18 79
58 19 90
58 20 38
58 21 78
58 22 72
58 23 0
58 24 0
58 25 0
58 26 0
58 27 76
58 28 18
58 29 0
58 30 26
58 31 57
58 32 0
58 33 14
58 34 37
58 35 0
58 36 0
58 37 34
58 38 0
58 39 25
58 40 92
58 41 0
58 42 0
58 43 39
58 44 74
58 45 0
58 46 61
58 47 0
58 48 80
58 49 0
58 50 72
58 51 0
58 52 27
58 53 35
58 54 92
58 55 40
58 56 12
58 57 88
58 58 0
58 59 0
58 60 58
58 61 47
58 62 0
58 63 35
58 64 0
58 65 69
58 66 67
58 67 56
58 68 0
58 69 75
58 70 92
58 71 23
58 72 41
58 73 0
58 74 0
58 75 0
58 76 41
58 77 79
58 78 0
58 79 0
59 0 60
59 1 0
59 2 54
59 3 26
59 4 31
59 5 0
59 6 0
59 7 55
59 8 65
59 9 64
59 10 24
59 11 94
59 12 0
59 13 0
59 14 0
59 15 72
59 16 0
59 17 96
59 18 97
59 19 0
59 20 0
59 21 56
59 22 96
59 23 0
59 24 0
59 25 0
59 26 0
59 27 0
59 28 0
59 29 81
59 30 71
59 31 0
59 32 0
59 33 93
59 34 0
59 35 63
59 36 21
59 37 0
59 38 50
59 39 0
59 40 0
59 41 0
59 42 69
59 43 67
59 44 70
59 45 82
59 46 0
59 47 47
59 48 36
59 49 0
59 50 0
59 51 100
59 52 0
59 53 55
59 54 62
59 55 83
59 56 71
59 57 0
59 58 0
59 59 0
59 60 0
59 61 0
59 62 0
59 63 0
59 64 69
59 65 43
59 66 0
59 67 57
59 68 90
59 69 0
59 70 11
59 71 77
59 72 0
59 73 46
59 74 55
59 75 0
59 76 46
59 77 77
59 78 0
59 79 25
60 0 78
60 1 0
60 2 0
60 3 84
60 4 76
60 5 75
60 6 0
60 7 23
60 8 97
60 9 0
60 10 0
60 11 41
60 12 94
60 13 0
60 14 0
60 15 0
60 16 16
60 17 0
60 18 27
60 19 0
60 20 0
60 21 76
60 22 56
60 23 54
60 24 0
60 25 94
60 26 0
60 27 0
60 28 54
60 29 0
60 30 74
60 31 0
60 32 77
60 33 0
60 34 0
60 35 0
60 36 87
60 37 38
60 38 0
60 39 48
60 40 0
60 41 13
60 42 0
60 43 14
60 44 0
60 45 66
60 46 84
60 47 0
60 48 0
60 49 29
60 50 0
60 51 0
60 52 27
60 53 0
60 54 0
60 55 0
60 56 61
60 57 0
60 58 58
60 59 0
60 60 0
60 61 0
60 62 0
60 63 68
60 64 0
60 65 59
60 66 44
60 67 67
60 68 64
60 69 37
60 70 0
60 71 25
60 72 64
60 73 62
60 74 0
60 75 33
60 76 54
60 77 0
60 78 0
60 79 11
61 0 69
61 1 95
61 2 23
61 3 0
61 4 77
61 5 0
61 6 0
61 7 60
61 8 98
61 9 0
61 10 85
61 11 49
61 12 0
61 13 0
61 14 0
61 15 0
61 16 0
61 17 51
61 18 0
61 19 0
61 20 27
61 21 0
61 22 95
61 23 84
61 24 100
61 25 0
61 26 0
61 27 0
61 28 37
61 29 46
61 30 0
61 31 0
61 32 0
61 33 85
61 34 71
61 35 0
61 36 60
61 37 37
61 38 60
61 39 49
61 40 98
61 41 13
61 42 28
61 43 0
61 44 74
61 45 0
61 46 0
61 47 29
61 48 49
61 49 0
61 50 40
61 51 0
61 52 0
61 53 27
61 54 0
61 55 0
61 56 51
61 57 0
61 58 47
61 59 0
61 60 0
61 61 0
61 62 0
61 63 0
61 64 0
61 65 0
61 66 77
61 67 0
61 68 82
61 69 0
61 70 33
61 71 74
61 72 39
61 73 43
61 74 0
61 75 0
61 76 0
61 77 0
61 78 0
61 79 0
62 0 36
62 1 0
62 2 0
62 3 100
62 4 0
62 5 0
62 6 64
62 7 0
62 8 55
62 9 0
62 10 0
62 11 0
62 12 74
62 13 66
62 14 65
62 15 0
62 16 0
62 17 59
62 18 86
62 19 0
62 20 0
62 21 0
62 22 79
62 23 38
62 24 24
62 25 39
62 26 70
62 27 83
62 28 0
62 29 0
62 30 0
62 31 34
62 32 0
62 33 38
62 34 0
62 35 49
62 36 49
62 37 0
62 38 0
62 39 89
62 40 29
62 41 96
62 42 0
62 43 0
62 44 70
62 45 87
62 46 72
62 47 0
62 48 33
62 49 10
62 50 0
62 51 69
62 52 0
62 53 0
62 54 25
62 55 21
62 56 58
62 57 0
62 58 0
62 59 0
62 60 0
62 61 0
62 62 0
62 63 23
62 64 87
62 65 0
62 66 39
62 67 0
62 68 66
62 69 47
62 70 0
62 71 0
62 72 0
62 73 0
62 74 44
62 75 66
62 76 0
62 77 0
62 78 0
62 79 44
63 0 0
63 1 0
63 2 95
63 3 0
63 4 19
63 5 34
63 6 0
63 7 0
63 8 0
63 9 0
63 10 0
63 11 85
63 12 0
63 13 68
63 14 28
63 15 0
63 16 85
63 17 0
63 18 78
63 19 76
63 20 0
63 21 27
63 22 0
63 23 0
63 24 28
63 25 0
63 26 0
63 27 70
63 28 0
63 29 0
63 30 20
63 31 27
63 32 0
63 33 0
63 34 30
63 35 93
63 36 0
63 37 0
63 38 0
63 39 73
63 40 0
63 41 27
63 42 21
63 43 0
63 44 0
63 45 0
63 46 40
63 47 0
63 48 77
63 49 37
63 50 0
63 51 82
63 52 22
63 53 89
63 54 0
63 55 75
63 56 75
63 57 61
63 58 35
63 59 0
63 60 68
63 61 0
63 62 23
63 63 0
63 64 0
63 65 98
63 66 53
63 67 63
63 68 63
63 69 88
63 70 0
63 71 0
63 72 0
63 73 0
63 74 69
63 75 74
63 76 0
63 77 0
63 78 54
63 79 0
64 0 43
64 1 0
64 2 58
64 3 24
64 4 0
64 5 0
64 6 47
64 7 69
64 8 30
64 9 88
64 10 0
64 11 44
64 12 19
64 13 35
64 14 0
64 15 0
64 16 0
64 17 0
64 18 0
64 19 0
64 20 47
64 21 95
64 22 11
64 23 0
64 24 0
64 25 32
64 26 0
64 27 0
64 28 0
64 29 0
64 30 38
64 31 58
64 32 0
64 33 15
64 34 0
64 35 17
64 36 31
64 37 40
64 38 29
64 39 0
64 40 0
64 41 0
64 42 56
64 43 54
64 44 88
64 45 0
64 46 0
64 47 47
64 48 0
64 49 0
64 50 51
64 51 0
64 52 10
64 53 0
64 54 45
64 55 0
64 56 0
64 57 0
64 58 0
64 59 69
64 60 0
64 61 0
64 62 87
64 63 0
64 64 0
64 65 0
64 66 0
64 67 0
64 68 0
64 69 0
64 70 0
64 71 0
64 72 0
64 73 32
64 74 0
64 75 0
64 76 96
64 77 0
64 78 0
64 79 0
65 0 0
65 1 0
65 2 44
65 3 60
65 4 72
65 5 45
65 6 0
65 7 14
65 8 40
65 9 62
65 10 56
65 11 78
65 12 0
65 13 43
65 14 89
65 15 35
65 16 0
65 17 0
65 18 71
65 19 74
65 20 18
65 21 36
65 22 0
65 23 0
65 24 0
65 25 0
65 26 0
65 27 0
65 28 93
65 29 0
65 30 0
65 31 70
65 32 0
65 33 0
65 34 0
65 35 0
65 36 0
65 37 0
65 38 0
65 39 93
65 40 0
65 41 57
65 42 60
65 43 98
65 44 0
65 45 60
65 46 20
65 47 0
65 48 0
65 49 0
65 50 0
65 51 62
65 52 93
65 53 0
65 54 72
65 55 0
65 56 42
65 57 63
65 58 69
65 59 43
65 60 59
65 61 0
65 62 0
65 63 98
65 64 0
65 65 0
65 66 56
65 67 0
65 68 0
65 69 0
65 70 0
65 71 0
65 72 0
65 73 0
65 74 74
65 75 22
65 76 55
65 77 0
65 78 0
65 79 0
66 0 26
66 1 0
66 2 0
66 3 30
66 4 96
66 5 64
66 6 0
66 7 92
66 8 0
66 9 62
66 10 71
66 11 27
66 12 71
66 13 55
66 14 88
66 15 21
66 16 0
66 17 17
66 18 0
66 19 0
66 20 0
66 21 0
66 22 91
66 23 13
66 24 0
66 25 25
66 26 0
66 27 0
66 28 0
66 29 0
66 30 0
66 31 40
66 32 64
66 33 14
66 34 0
66 35 0
66 36 0
66 37 42
66 38 10
66 39 0
66 40 71
66 41 69
66 42 49
66 43 99
66 44 0
66 45 0
66 46 97
66 47 81
66 48 0
66 49 0
66 50 0
66 51 0
66 52 82
66 53 0
66 54 0
66 55 78
66 56 0
66 57 0
66 58 67
66 59 0
66 60 44
66 61 77
66 62 39
66 63 53
66 64 0
66 65 56
66 66 0
66 67 88
66 68 0
66 69 88
66 70 21
66 71 90
66 72 20
66 73 21
66 74 50
66 75 0
66 76 0
66 77 16
66 78 0
66 79 0
67 0 15
67 1 0
67 2 0
67 3 53
67 4 0
67 5 83
67 6 63
67 7 23
67 8 0
67 9 66
67 10 0
67 11 66
67 12 0
67 13 0
67 14 49
67 15 0
67 16 0
67 17 85
67 18 97
67 19 30
67 20 87
67 21 29
67 22 64
67 23 10
67 24 40
67 25 84
67 26 43
67 27 84
67 28 0
67 29 0
67 30 74
67 31 76
67 32 60
67 33 45
67 34 66
67 35 0
67 36 96
67 37 69
67 38 37
67 39 0
67 40 85
67 41 0
67 42 0
67 43 0
67 44 0
67 45 16
67 46 0
67 47 21
67 48 0
67 49 70
67 50 72
67 51 0
67 52 0
67 53 0
67 54 0
67 55 0
67 56 63
67 57 0
67 58 56
67 59 57
67 60 67
67 61 0
67 62 0
67 63 63
67 64 0
67 65 0
67 66 88
67 67 0
67 68 0
67 69 64
67 70 0
67 71 68
67 72 0
67 73 40
67 74 12
67 75 0
67 76 0
67 77 73
67 78 53
67 79 0
68 0 0
68 1 56
68 2 14
68 3 93
68 4 24
68 5 59
68 6 0
68 7 89
68 8 78
68 9 14
68 10 70
68 11 0
68 12 74
68 13 55
68 14 0
68 15 0
68 16 0
68 17 62
68 18 0
68 19 16
68 20 99
68 21 61
68 22 0
68 23 53
68 24 65
68 25 70
68 26 0
68 27 16
68 28 0
68 29 0
68 30 0
68 31 21
68 32 0
68 33 36
68 34 34
68 35 75
68 36 52
68 37 44
68 38 0
68 39 92
68 40 86
68 41 95
68 42 0
68 43 86
68 44 0
68 45 0
68 46 0
68 47 0
68 48 0
68 49 31
68 50 0
68 51 98
68 52 0
68 53 12
68 54 39
68 55 10
68 56 0
68 57 0
68 58 0
68 59 90
68 60 64
68 61 82
68 62 66
68 63 63
68 64 0
68 65 0
68 66 0
68 67 0
68 68 0
68 69 66
68 70 48
68 71 41
68 72 0
68 73 82
68 74 0
68 75 83
68 76 0
68 77 75
68 78 0
68 79 0
69 0 0
69 1 86
69 2 0
69 3 78
69 4 0
69 5 16
69 6 33
69 7 0
69 8 0
69 9 0
69 10 0
69 11 0
69 12 24
69 13 74
69 14 25
69 15 0
69 16 0
69 17 0
69 18 70
69 19 52
69 20 25
69 21 0
69 22 45
69 23 40
69 24 0
69 25 59
69 26 0
69 27 0
69 28 0
69 29 87
69 30 0
69 31 0
69 32 70
69 33 0
69 34 16
69 35 18
69 36 51
69 37 0
69 38 0
69 39 0
69 40 11
69 41 15
69 42 19
69 43 73
69 44 0
69 45 0
69 46 97
69 47 28
69 48 71
69 49 37
69 50 0
69 51 0
69 52 0
69 53 75
69 54 76
69 55 0
69 56 0
69 57 0
69 58 75
69 59 0
69 60 37
69 61 0
69 62 47
69 63 88
69 64 0
69 65 0
69 66 88
69 67 64
69 68 66
69 69 0
69 70 53
69 71 46
69 72 0
69 73 52
69 74 28
69 75 63
69 76 82
69 77 0
69 78 0
69 79 86
70 0 24
70 1 0
70 2 0
70 3 0
70 4 0
70 5 0
70 6 97
70 7 47
70 8 0
70 9 0
70 10 0
70 11 0
70 12 0
70 13 86
70 14 0
70 15 77
70 16 0
70 17 35
70 18 86
70 19 15
70 20 82
70 21 36
70 22 56
70 23 37
70 24 10
70 25 76
70 26 40
70 27 0
70 28 54
70 29 0
70 30 0
70 31 71
70 32 13
70 33 41
70 34 0
70 35 43
70 36 0
70 37 0
70 38 19
70 39 48
70 40 0
70 41 21
70 42 0
70 43 0
70 44 0
70 45 0
70 46 16
70 47 75
70 48 31
70 49 0
70 50 54
70 51 0
70 52 11
70 53 94
70 54 0
70 55 0
70 56 52
70 57 0
70 58 92
70 59 11
70 60 0
70 61 33
70 62 0
70 63 0
70 64 0
70 65 0
70 66 21
70 67 0
70 68 48
70 69 53
70 70 0
70 71 0
70 72 80
70 73 0
70 74 0
70 75 68
70 76 38
70 77 0
70 78 96
70 79 21
71 0 0
71 1 62
71 2 0
71 3 0
71 4 53
71 5 14
71 6 0
71 7 0
71 8 33
71 9 91
71 10 0
71 11 90
71 12 0
71 13 25
71 14 19
71 15 0
71 16 68
71 17 70
71 18 0
71 19 40
71 20 73
71 21 0
71 22 22
71 23 40
71 24 0
71 25 0
71 26 65
71 27 87
71 28 98
71 29 0
71 30 0
71 31 11
71 32 72
71 33 0
71 34 0
71 35 0
71 36 12
71 37 0
71 38 0
71 39 0
71 40 30
71 41 27
71 42 0
71 43 0
71 44 0
71 45 73
71 46 88
71 47 54
71 48 69
71 49 0
71 50 95
71 51 0
71 52 16
71 53 33
71 54 96
71 55 92
71 56 0
71 57 0
71 58 23
71 59 77
71 60 25
71 61 74
71 62 0
71 63 0
71 64 0
71 65 0
71 66 90
71 67 68
71 68 41
71 69 46
71 70 0
71 71 0
71 72 0
71 73 44
71 74 31
71 75 0
71 76 53
71 77 65
71 78 0
71 79 0
72 0 51
72 1 0
72 2 77
72 3 23
72 4 0
72 5 86
72 6 70
72 7 0
72 8 87
72 9 94
72 10 0
72 11 10
72 12 51
72 13 62
72 14 0
72 15 100
72 16 91
72 17 45
72 18 30
72 19 76
72 20 0
72 21 57
72 22 57
72 23 0
72 24 85
72 25 73
72 26 60
72 27 0
72 28 18
72 29 0
72 30 0
72 31 0
72 32 52
72 33 0
72 34 0
72 35 0
72 36 18
72 37 0
72 38 0
72 39 0
72 40 0
72 41 78
72 42 52
72 43 0
72 44 94
72 45 49
72 46 86
72 47 0
72 48 23
72 49 85
72 50 97
72 51 0
72 52 43
72 53 0
72 54 88
72 55 0
72 56 42
72 57 0
72 58 41
72 59 0
72 60 64
72 61 39
72 62 0
72 63 0
72 64 0
72 65 0
72 66 20
72 67 0
72 68 0
72 69 0
72 70 80
72 71 0
72 72 0
72 73 0
72 74 71
72 75 13
72 76 0
72 77 66
72 78 0
72 79 0
73 0 0
73 1 43
73 2 0
73 3 97
73 4 0
73 5 0
73 6 11
73 7 0
73 8 0
73 9 0
73 10 0
73 11 53
73 12 0
73 13 0
73 14 45
73 15 0
73 16 94
73 17 0
73 18 86
73 19 64
73 20 0
73 21 0
73 22 65
73 23 0
73 24 48
73 25 35
73 26 0
73 27 36
73 28 76
73 29 63
73 30 67
73 31 27
73 32 0
73 33 69
73 34 76
73 35 0
73 36 11
73 37 41
73 38 87
73 39 0
73 40 0
73 41 0
73 42 0
73 43 0
73 44 38
73 45 0
73 46 47
73 47 0
73 48 0
73 49 0
73 50 0
73 51 86
73 52 0
73 53 34
73 54 0
73 55 0
73 56 35
73 57 0
73 58 0
73 59 46
73 60 62
73 61 43
73 62 0
73 63 0
73 64 32
73 65 0
73 66 21
73 67 40
73 68 82
73 69 52
73 70 0
73 71 44
73 72 0
73 73 0
73 74 0
73 75 14
73 76 0
73 77 0
73 78 0
73 79 82
74 0 0
74 1 0
74 2 0
74 3 62
74 4 77
74 5 50
74 6 72
74 7 0
74 8 57
74 9 0
74 10 49
74 11 0
74 12 0
74 13 0
74 14 24
74 15 0
74 16 97
74 17 52
74 18 42
74 19 0
74 20 41
74 21 0
74 22 0
74 23 57
74 24 0
74 25 80
74 26 49
74 27 90
74 28 0
74 29 86
74 30 67
74 31 83
74 32 0
74 33 30
74 34 27
74 35 0
74 36 25
74 37 0
74 38 0
74 39 88
74 40 96
74 41 83
74 42 0
74 43 63
74 44 91
74 45 0
74 46 91
74 47 0
74 48 64
74 49 0
74 50 0
74 51 0
74 52 0
74 53 0
74 54 0
74 55 0
74 56 84
74 57 30
74 58 0
74 59 55
74 60 0
74 61 0
74 62 44
74 63 69
74 64 0
74 65 74
74 66 50
74 67 12
74 68 0
74 69 28
74 70 0
74 71 31
74 72 71
74 73 0
74 74 0
74 75 67
74 76 0
74 77 99
74 78 22
74 79 28
75 0 83
75 1 32
75 2 0
75 3 55
75 4 0
75 5 0
75 6 25
75 7 56
75 8 39
75 9 0
75 10 0
75 11 0
75 12 0
75 13 74
75 14 41
75 15 12
75 16 0
75 17 0
75 18 84
75 19 0
75 20 36
75 21 93
75 22 99
75 23 0
75 24 39
75 25 0
75 26 0
75 27 95
75 28 19
75 29 0
75 30 89
75 31 78
75 32 0
75 33 76
75 34 24
75 35 0
75 36 71
75 37 11
75 38 58
75 39 0
75 40 0
75 41 70
75 42 0
75 43 0
75 44 76
75 45 0
75 46 0
75 47 0
75 48 0
75 49 92
75 50 27
75 51 45
75 52 12
75 53 0
75 54 0
75 55 92
75 56 0
75 57 0
75 58 0
75 59 0
75 60 33
75 61 0
75 62 66
75 63 74
75 64 0
75 65 22
75 66 0
75 67 0
75 68 83
75 69 63
75 70 68
75 71 0
75 72 13
75 73 14
75 74 67
75 75 0
75 76 54
75 77 49
75 78 99
75 79 0
76 0 0
76 1 91
76 2 38
76 3 0
76 4 0
76 5 86
76 6 84
76 7 83
76 8 71
76 9 0
76 10 89
76 11 21
76 12 0
76 13 75
76 14 11
76 15 0
76 16 0
76 17 37
76 18 0
76 19 0
76 20 0
76 21 13
76 22 72
76 23 0
76 24 23
76 25 58
76 26 0
76 27 24
76 28 0
76 29 0
76 30 66
76 31 0
76 32 0
76 33 0
76 34 87
76 35 0
76 36 0
76 37 98
76 38 0
76 39 0
76 40 0
76 41 0
76 42 43
76 43 0
76 44 0
76 45 62
76 46 0
76 47 0
76 48 95
76 49 0
76 50 0
76 51 0
76 52 22
76 53 76
76 54 14
76 55 0
76 56 41
76 57 91
76 58 41
76 59 46
76 60 54
76 61 0
76 62 0
76 63 0
76 64 96
76 65 55
76 66 0
76 67 0
76 68 0
76 69 82
76 70 38
76 71 53
76 72 0
76 73 0
76 74 0
76 75 54
76 76 0
76 77 78
76 78 0
76 79 0
77 0 74
77 1 0
77 2 0
77 3 66
77 4 0
77 5 20
77 6 47
77 7 0
77 8 0
77 9 63
77 10 0
77 11 0
77 12 0
77 13 0
77 14 0
77 15 35
77 16 0
77 17 0
77 18 52
77 19 92
77 20 0
77 21 69
77 22 11
77 23 34
77 24 0
77 25 51
77 26 0
77 27 67
77 28 0
77 29 83
77 30 0
77 31 0
77 32 0
77 33 40
77 34 0
77 35 0
77 36 0
77 37 35
77 38 0
77 39 90
77 40 35
77 41 0
77 42 10
77 43 0
77 44 37
77 45 61
77 46 0
77 47 43
77 48 0
77 49 47
77 50 15
77 51 0
77 52 0
77 53 12
77 54 49
77 55 0
77 56 32
77 57 89
77 58 79
77 59 77
77 60 0
77 61 0
77 62 0
77 63 0
77 64 0
77 65 0
77 66 16
77 67 73
77 68 75
77 69 0
77 70 0
77 71 65
77 72 66
77 73 0
77 74 99
77 75 49
77 76 78
77 77 0
77 78 70
77 79 36
78 0 0
78 1 0
78 2 92
78 3 88
78 4 35
78 5 91
78 6 87
78 7 12
78 8 0
78 9 36
78 10 0
78 11 0
78 12 0
78 13 0
78 14 0
78 15 0
78 16 0
78 17 44
78 18 0
78 19 0
78 20 72
78 21 20
78 22 50
78 23 81
78 24 21
78 25 88
78 26 0
78 27 63
78 28 0
78 29 0
78 30 63
78 31 58
78 32 41
78 33 82
78 34 45
78 35 92
78 36 0
78 37 0
78 38 0
78 39 38
78 40 0
78 41 0
78 42 0
78 43 0
78 44 53
78 45 0
78 46 63
78 47 74
78 48 0
78 49 89
78 50 96
78 51 0
78 52 51
78 53 0
78 54 82
78 55 50
78 56 45
78 57 91
78 58 0
78 59 0
78 60 0
78 61 0
78 62 0
78 63 54
78 64 0
78 65 0
78 66 0
78 67 53
78 68 0
78 69 0
78 70 96
78 71 0
78 72 0
78 73 0
78 74 22
78 75 99
78 76 0
78 77 70
78 78 0
78 79 49
79 0 83
79 1 0
79 2 0
79 3 0
79 4 0
79 5 0
79 6 52
79 7 0
79 8 42
79 9 0
79 10 12
79 11 95
79 12 0
79 13 0
79 14 0
79 15 52
79 16 0
79 17 0
79 18 70
79 19 0
79 20 0
79 21 10
79 22 0
79 23 0
79 24 55
79 25 46
79 26 37
79 27 0
79 28 0
79 29 25
79 30 0
79 31 44
79 32 0
79 33 43
79 34 0
79 35 0
79 36 26
79 37 82
79 38 0
79 39 94
79 40 18
79 41 0
79 42 85
79 43 25
79 44 0
79 45 42
79 46 0
79 47 0
79 48 53
79 49 40
79 50 63
79 51 0
79 52 0
79 53 92
79 54 59
79 55 0
79 56 54
79 57 0
79 58 0
79 59 25
79 60 11
79 61 0
79 62 44
79 63 0
79 64 0
79 65 0
79 66 0
79 67 0
79 68 0
79 69 86
79 70 21
79 71 0
79 72 0
79 73 82
79 74 28
79 75 0
79 76 0
79 77 36
79 78 49
79 79 0
