90
0 0 0
0 1 0
0 2 0
0 3 0
0 4 79
0 5 0
0 6 57
0 7 34
0 8 91
0 9 0
0 10 45
0 11 0
0 12 0
0 13 27
0 14 25
0 15 39
0 16 0
0 17 66
0 18 0
0 19 0
0 20 0
0 21 0
0 22 0
0 23 72
0 24 44
0 25 0
0 26 0
0 27 0
0 28 62
0 29 0
0 30 0
0 31 0
0 32 28
0 33 47
0 34 27
0 35 64
0 36 94
0 37 0
0 38 50
0 39 0
0 40 39
0 41 0
0 42 30
0 43 45
0 44 0
0 45 0
0 46 85
0 47 0
0 48 0
0 49 56
0 50 0
0 51 0
0 52 0
0 53 0
0 54 75
0 55 81
0 56 10
0 57 0
0 58 0
0 59 0
0 60 95
0 61 71
0 62 0
0 63 0
0 64 48
0 65 0
0 66 10
0 67 13
0 68 0
0 69 0
0 70 0
0 71 84
0 72 0
0 73 34
0 74 0
0 75 0
0 76 64
0 77 33
0 78 0
0 79 86
0 80 0
0 81 0
0 82 0
0 83 0
0 84 0
0 85 57
0 86 0
0 87 99
0 88 0
0 89 0
1 0 0
1 1 0
1 2 0
1 3 41
1 4 97
1 5 83
1 6 0
1 7 0
1 8 0
1 9 0
1 10 31
1 11 0
1 12 55
1 13 0
1 14 0
1 15 0
1 16 0
1 17 70
1 18 0
1 19 0
1 20 0
1 21 0
1 22 19
1 23 0
1 24 0
1 25 33
1 26 31
1 27 0
1 28 0
1 29 0
1 30 0
1 31 0
1 32 0
1 33 42
1 34 0
1 35 0
1 36 0
1 37 73
1 38 70
1 39 56
1 40 0
1 41 25
1 42 79
1 43 20
1 44 69
1 45 0
1 46 0
1 47 0
1 48 62
1 49 31
1 50 0
1 51 67
1 52 0
1 53 0
1 54 0
1 55 0
1 56 52
1 57 0
1 58 0
1 59 59
1 60 99
1 61 0
1 62 86
1 63 0
1 64 0
1 65 0
1 66 56
1 67 39
1 68 82
1 69 0
1 70 0
1 71 0
1 72 0
1 73 0
1 74 75
1 75 66
1 76 0
1 77 69
1 78 66
1 79 36
1 80 0
1 81 100
1 82 0
1 83 0
1 84 0
1 85 82
1 86 0
1 87 63
1 88 0
1 89 0
2 0 0
2 1 0
2 2 0
2 3 0
2 4 11
2 5 96
2 6 73
2 7 0
2 8 21
2 9 0
2 10 0
2 11 71
2 12 0
2 13 31
2 14 91
2 15 0
2 16 0
2 17 62
2 18 20
2 19 0
2 20 0
2 21 0
2 22 0
2 23 0
2 24 86
2 25 0
2 26 48
2 27 0
2 28 24
2 29 24
2 30 16
2 31 0
2 32 73
2 33 0
2 34 32
2 35 77
2 36 0
2 37 54
2 38 15
2 39 45
2 40 96
2 41 0
2 42 64
2 43 0
2 44 42
2 45 0
2 46 79
2 47 61
2 48 50
2 49 0
2 50 0
2 51 0
2 52 0
2 53 52
2 54 0
2 55 0
2 56 76
2 57 0
2 58 0
2 59 91
2 60 0
2 61 79
2 62 20
2 63 0
2 64 17
2 65 0
2 66 70
2 67 0
2 68 0
2 69 0
2 70 0
2 71 0
2 72 0
2 73 87
2 74 13
2 75 0
2 76 26
2 77 0
2 78 83
2 79 43
2 80 63
2 81 89
2 82 60
2 83 90
2 84 0
2 85 50
2 86 0
2 87 25
2 88 0
2 89 85
3 0 0
3 1 41
3 2 0
3 3 0
3 4 0
3 5 0
3 6 65
3 7 0
3 8 73
3 9 41
3 10 62
3 11 0
3 12 0
3 13 0
3 14 0
3 15 0
3 16 44
3 17 77
3 18 56
3 19 97
3 20 62
3 21 0
3 22 100
3 23 57
3 24 0
3 25 0
3 26 48
3 27 0
3 28 0
3 29 0
3 30 0
3 31 69
3 32 0
3 33 32
3 34 36
3 35 97
3 36 0
3 37 17
3 38 0
3 39 82
3 40 0
3 41 0
3 42 60
3 43 0
3 44 94
3 45 0
3 46 77
3 47 0
3 48 0
3 49 0
3 50 34
3 51 38
3 52 0
3 53 0
3 54 54
3 55 98
3 56 0
3 57 42
3 58 61
3 59 0
3 60 91
3 61 0
3 62 46
3 63 58
3 64 76
3 65 0
3 66 0
3 67 14
3 68 70
3 69 0
3 70 0
3 71 0
3 72 0
3 73 70
3 74 66
3 75 35
3 76 0
3 77 99
3 78 0
3 79 0
3 80 0
3 81 0
3 82 0
3 83 0
3 84 0
3 85 45
3 86 99
3 87 0
3 88 100
3 89 0
4 0 79
4 1 97
4 2 11
4 3 0
4 4 0
4 5 98
4 6 24
4 7 46
4 8 0
4 9 0
4 10 0
4 11 42
4 12 91
4 13 20
4 14 0
4 15 12
4 16 0
4 17 0
4 18 0
4 19 0
4 20 0
4 21 0
4 22 91
4 23 0
4 24 0
4 25 0
4 26 0
4 27 81
4 28 70
4 29 0
4 30 74
4 31 68
4 32 73
4 33 0
4 34 51
4 35 41
4 36 63
4 37 63
4 38 31
4 39 0
4 40 41
4 41 0
4 42 0
4 43 89
4 44 71
4 45 0
4 46 0
4 47 0
4 48 22
4 49 0
4 50 59
4 51 0
4 52 35
4 53 0
4 54 31
4 55 88
4 56 0
4 57 86
4 58 0
4 59 92
4 60 0
4 61 0
4 62 0
4 63 45
4 64 0
4 65 68
4 66 0
4 67 0
4 68 0
4 69 51
4 70 0
4 71 0
4 72 49
4 73 0
4 74 0
4 75 68
4 76 46
4 77 98
4 78 0
4 79 0
4 80 50
4 81 0
4 82 33
4 83 0
4 84 0
4 85 0
4 86 0
4 87 19
4 88 22
4 89 31
5 0 0
5 1 83
5 2 96
5 3 0
5 4 98
5 5 0
5 6 27
5 7 56
5 8 0
5 9 76
5 10 25
5 11 0
5 12 77
5 13 72
5 14 98
5 15 28
5 16 0
5 17 0
5 18 96
5 19 0
5 20 0
5 21 100
5 22 59
5 23 0
5 24 0
5 25 68
5 26 0
5 27 64
5 28 0
5 29 0
5 30 0
5 31 0
5 32 61
5 33 0
5 34 0
5 35 53
5 36 0
5 37 51
5 38 64
5 39 0
5 40 100
5 41 0
5 42 0
5 43 0
5 44 0
5 45 88
5 46 0
5 47 69
5 48 35
5 49 47
5 50 41
5 51 67
5 52 12
5 53 0
5 54 0
5 55 0
5 56 19
5 57 29
5 58 61
5 59 0
5 60 0
5 61 94
5 62 77
5 63 95
5 64 0
5 65 0
5 66 71
5 67 20
5 68 33
5 69 0
5 70 0
5 71 0
5 72 39
5 73 76
5 74 0
5 75 32
5 76 39
5 77 25
5 78 81
5 79 10
5 80 38
5 81 0
5 82 18
5 83 0
5 84 0
5 85 0
5 86 23
5 87 38
5 88 75
5 89 0
6 0 57
6 1 0
6 2 73
6 3 65
6 4 24
6 5 27
6 6 0
6 7 0
6 8 96
6 9 0
6 10 0
6 11 0
6 12 88
6 13 0
6 14 0
6 15 0
6 16 55
6 17 0
6 18 0
6 19 71
6 20 0
6 21 0
6 22 97
6 23 42
6 24 19
6 25 0
6 26 50
6 27 20
6 28 0
6 29 0
6 30 34
6 31 0
6 32 71
6 33 61
6 34 0
6 35 28
6 36 97
6 37 0
6 38 43
6 39 66
6 40 0
6 41 93
6 42 91
6 43 76
6 44 0
6 45 0
6 46 0
6 47 0
6 48 0
6 49 59
6 50 62
6 51 52
6 52 0
6 53 0
6 54 0
6 55 58
6 56 0
6 57 0
6 58 51
6 59 27
6 60 28
6 61 90
6 62 76
6 63 0
6 64 0
6 65 56
6 66 61
6 67 62
6 68 13
6 69 0
6 70 0
6 71 44
6 72 94
6 73 0
6 74 0
6 75 37
6 76 0
6 77 0
6 78 0
6 79 0
6 80 0
6 81 0
6 82 26
6 83 0
6 84 0
6 85 88
6 86 50
6 87 20
6 88 31
6 89 0
7 0 34
7 1 0
7 2 0
7 3 0
7 4 46
7 5 56
7 6 0
7 7 0
7 8 0
7 9 91
7 10 91
7 11 68
7 12 78
7 13 0
7 14 33
7 15 0
7 16 0
7 17 0
7 18 0
7 19 0
7 20 36
7 21 76
7 22 43
7 23 16
7 24 33
7 25 0
7 26 0
7 27 91
7 28 0
7 29 0
7 30 51
7 31 0
7 32 80
7 33 66
7 34 98
7 35 80
7 36 0
7 37 11
7 38 78
7 39 0
7 40 92
7 41 0
7 42 0
7 43 0
7 44 90
7 45 86
7 46 0
7 47 86
7 48 69
7 49 0
7 50 27
7 51 48
7 52 99
7 53 23
7 54 77
7 55 71
7 56 38
7 57 61
7 58 20
7 59 78
7 60 43
7 61 72
7 62 34
7 63 0
7 64 0
7 65 13
7 66 0
7 67 26
7 68 45
7 69 0
7 70 0
7 71 48
7 72 0
7 73 0
7 74 0
7 75 0
7 76 0
7 77 87
7 78 0
7 79 58
7 80 0
7 81 0
7 82 73
7 83 20
7 84 0
7 85 56
7 86 44
7 87 0
7 88 94
7 89 40
8 0 91
8 1 0
8 2 21
8 3 73
8 4 0
8 5 0
8 6 96
8 7 0
8 8 0
8 9 42
8 10 75
8 11 0
8 12 47
8 13 0
8 14 0
8 15 0
8 16 99
8 17 0
8 18 0
8 19 0
8 20 46
8 21 0
8 22 0
8 23 40
8 24 48
8 25 0
8 26 0
8 27 84
8 28 17
8 29 0
8 30 80
8 31 0
8 32 0
8 33 15
8 34 0
8 35 31
8 36 23
8 37 96
8 38 70
8 39 66
8 40 0
8 41 68
8 42 42
8 43 89
8 44 0
8 45 0
8 46 0
8 47 80
8 48 0
8 49 53
8 50 89
8 51 49
8 52 26
8 53 33
8 54 49
8 55 0
8 56 72
8 57 0
8 58 28
8 59 0
8 60 50
8 61 0
8 62 0
8 63 0
8 64 0
8 65 0
8 66 0
8 67 44
8 68 0
8 69 0
8 70 30
8 71 96
8 72 0
8 73 59
8 74 0
8 75 97
8 76 39
8 77 24
8 78 51
8 79 0
8 80 0
8 81 0
8 82 64
8 83 79
8 84 74
8 85 0
8 86 67
8 87 69
8 88 83
8 89 37
9 0 0
9 1 0
9 2 0
9 3 41
9 4 0
9 5 76
9 6 0
9 7 91
9 8 42
9 9 0
9 10 26
9 11 31
9 12 0
9 13 0
9 14 46
9 15 0
9 16 74
9 17 0
9 18 79
9 19 0
9 20 0
9 21 0
9 22 0
9 23 0
9 24 0
9 25 0
9 26 0
9 27 0
9 28 0
9 29 0
9 30 0
9 31 87
9 32 0
9 33 56
9 34 0
9 35 31
9 36 66
9 37 58
9 38 70
9 39 0
9 40 57
9 41 0
9 42 73
9 43 0
9 44 49
9 45 28
9 46 0
9 47 0
9 48 95
9 49 52
9 50 0
9 51 0
9 52 42
9 53 0
9 54 0
9 55 0
9 56 0
9 57 0
9 58 0
9 59 32
9 60 17
9 61 0
9 62 0
9 63 45
9 64 82
9 65 0
9 66 10
9 67 94
9 68 53
9 69 17
9 70 0
9 71 49
9 72 74
9 73 0
9 74 68
9 75 86
9 76 0
9 77 0
9 78 34
9 79 63
9 80 87
9 81 0
9 82 28
9 83 90
9 84 73
9 85 13
9 86 0
9 87 0
9 88 93
9 89 0
10 0 45
10 1 31
10 2 0
10 3 62
10 4 0
10 5 25
10 6 0
10 7 91
10 8 75
10 9 26
10 10 0
10 11 17
10 12 0
10 13 0
10 14 21
10 15 95
10 16 37
10 17 32
10 18 40
10 19 84
10 20 36
10 21 49
10 22 0
10 23 22
10 24 17
10 25 0
10 26 64
10 27 92
10 28 84
10 29 0
10 30 98
10 31 87
10 32 12
10 33 65
10 34 70
10 35 0
10 36 0
10 37 0
10 38 93
10 39 0
10 40 0
10 41 0
10 42 0
10 43 0
10 44 65
10 45 0
10 46 31
10 47 40
10 48 76
10 49 0
10 50 0
10 51 20
10 52 38
10 53 0
10 54 0
10 55 0
10 56 88
10 57 92
10 58 0
10 59 0
10 60 0
10 61 82
10 62 87
10 63 0
10 64 91
10 65 0
10 66 61
10 67 50
10 68 96
10 69 0
10 70 69
10 71 0
10 72 25
10 73 0
10 74 0
10 75 34
10 76 0
10 77 0
10 78 70
10 79 50
10 80 30
10 81 0
10 82 0
10 83 90
10 84 55
10 85 23
10 86 81
10 87 0
10 88 0
10 89 0
11 0 0
11 1 0
11 2 71
11 3 0
11 4 42
11 5 0
11 6 0
11 7 68
11 8 0
11 9 31
11 10 17
11 11 0
11 12 88
11 13 0
11 14 0
11 15 0
11 16 86
11 17 0
11 18 72
11 19 26
11 20 0
11 21 0
11 22 0
11 23 0
11 24 82
11 25 13
11 26 73
11 27 0
11 28 62
11 29 95
11 30 20
11 31 98
11 32 27
11 33 0
11 34 52
11 35 89
11 36 0
11 37 0
11 38 54
11 39 0
11 40 59
11 41 37
11 42 15
11 43 63
11 44 33
11 45 78
11 46 0
11 47 34
11 48 73
11 49 97
11 50 90
11 51 92
11 52 0
11 53 0
11 54 66
11 55 40
11 56 17
11 57 0
11 58 55
11 59 0
11 60 16
11 61 35
11 62 0
11 63 30
11 64 0
11 65 65
11 66 73
11 67 15
11 68 40
11 69 13
11 70 0
11 71 10
11 72 71
11 73 55
11 74 0
11 75 0
11 76 0
11 77 87
11 78 0
11 79 16
11 80 0
11 81 87
11 82 0
11 83 90
11 84 80
11 85 0
11 86 90
11 87 0
11 88 0
11 89 0
12 0 0
12 1 55
12 2 0
12 3 0
12 4 91
12 5 77
12 6 88
12 7 78
12 8 47
12 9 0
12 10 0
12 11 88
12 12 0
12 13 0
12 14 55
12 15 73
12 16 69
12 17 53
12 18 0
12 19 94
12 20 0
12 21 0
12 22 52
12 23 24
12 24 0
12 25 0
12 26 0
12 27 0
12 28 0
12 29 0
12 30 0
12 31 0
12 32 0
12 33 0
12 34 0
12 35 29
12 36 0
12 37 0
12 38 0
12 39 35
12 40 0
12 41 0
12 42 0
12 43 23
12 44 0
12 45 68
12 46 37
12 47 24
12 48 95
12 49 0
12 50 0
12 51 31
12 52 0
12 53 70
12 54 80
12 55 0
12 56 0
12 57 63
12 58 59
12 59 20
12 60 98
12 61 0
12 62 73
12 63 77
12 64 0
12 65 90
12 66 0
12 67 55
12 68 60
12 69 96
12 70 91
12 71 41
12 72 82
12 73 97
12 74 54
12 75 0
12 76 79
12 77 0
12 78 36
12 79 35
12 80 70
12 81 0
12 82 69
12 83 65
12 84 0
12 85 52
12 86 0
12 87 46
12 88 0
12 89 0
13 0 27
13 1 0
13 2 31
13 3 0
13 4 20
13 5 72
13 6 0
13 7 0
13 8 0
13 9 0
13 10 0
13 11 0
13 12 0
13 13 0
13 14 22
13 15 65
13 16 0
13 17 0
13 18 72
13 19 0
13 20 79
13 21 0
13 22 0
13 23 75
13 24 44
13 25 29
13 26 0
13 27 74
13 28 39
13 29 47
13 30 0
13 31 28
13 32 0
13 33 62
13 34 60
13 35 0
13 36 0
13 37 0
13 38 65
13 39 18
13 40 0
13 41 17
13 42 0
13 43 93
13 44 0
13 45 69
13 46 0
13 47 57
13 48 0
13 49 0
13 50 0
13 51 29
13 52 0
13 53 0
13 54 0
13 55 0
13 56 0
13 57 56
13 58 0
13 59 0
13 60 40
13 61 74
13 62 51
13 63 79
13 64 52
13 65 57
13 66 49
13 67 80
13 68 98
13 69 16
13 70 77
13 71 0
13 72 0
13 73 32
13 74 0
13 75 76
13 76 29
13 77 61
13 78 0
13 79 93
13 80 0
13 81 83
13 82 47
13 83 42
13 84 0
13 85 27
13 86 73
13 87 0
13 88 86
13 89 0
14 0 25
14 1 0
14 2 91
14 3 0
14 4 0
14 5 98
14 6 0
14 7 33
14 8 0
14 9 46
14 10 21
14 11 0
14 12 55
14 13 22
14 14 0
14 15 70
14 16 0
14 17 0
14 18 0
14 19 77
14 20 0
14 21 81
14 22 0
14 23 72
14 24 0
14 25 72
14 26 0
14 27 0
14 28 98
14 29 0
14 30 0
14 31 26
14 32 53
14 33 87
14 34 77
14 35 0
14 36 82
14 37 71
14 38 0
14 39 57
14 40 0
14 41 10
14 42 0
14 43 21
14 44 98
14 45 0
14 46 63
14 47 0
14 48 0
14 49 0
14 50 0
14 51 0
14 52 0
14 53 0
14 54 0
14 55 0
14 56 18
14 57 0
14 58 0
14 59 97
14 60 0
14 61 0
14 62 0
14 63 0
14 64 17
14 65 76
14 66 28
14 67 0
14 68 0
14 69 0
14 70 45
14 71 25
14 72 76
14 73 17
14 74 44
14 75 66
14 76 25
14 77 0
14 78 0
14 79 41
14 80 72
14 81 0
14 82 68
14 83 89
14 84 91
14 85 0
14 86 33
14 87 32
14 88 38
14 89 0
15 0 39
15 1 0
15 2 0
15 3 0
15 4 12
15 5 28
15 6 0
15 7 0
15 8 0
15 9 0
15 10 95
15 11 0
15 12 73
15 13 65
15 14 70
15 15 0
15 16 10
15 17 16
15 18 0
15 19 18
15 20 54
15 21 0
15 22 83
15 23 49
15 24 91
15 25 67
15 26 16
15 27 17
15 28 0
15 29 0
15 30 83
15 31 93
15 32 57
15 33 67
15 34 0
15 35 0
15 36 0
15 37 0
15 38 53
15 39 0
15 40 0
15 41 10
15 42 0
15 43 0
15 44 0
15 45 94
15 46 0
15 47 69
15 48 55
15 49 25
15 50 0
15 51 18
15 52 0
15 53 55
15 54 33
15 55 0
15 56 0
15 57 0
15 58 0
15 59 0
15 60 0
15 61 26
15 62 0
15 63 66
15 64 28
15 65 0
15 66 0
15 67 73
15 68 0
15 69 70
15 70 26
15 71 65
15 72 0
15 73 0
15 74 70
15 75 71
15 76 46
15 77 0
15 78 0
15 79 0
15 80 86
15 81 28
15 82 64
15 83 74
15 84 0
15 85 0
15 86 0
15 87 0
15 88 87
15 89 82
16 0 0
16 1 0
16 2 0
16 3 44
16 4 0
16 5 0
16 6 55
16 7 0
16 8 99
16 9 74
16 10 37
16 11 86
16 12 69
16 13 0
16 14 0
16 15 10
16 16 0
16 17 0
16 18 0
16 19 87
16 20 0
16 21 16
16 22 40
16 23 38
16 24 72
16 25 0
16 26 37
16 27 0
16 28 0
16 29 14
16 30 19
16 31 0
16 32 60
16 33 0
16 34 0
16 35 11
16 36 15
16 37 0
16 38 0
16 39 0
16 40 86
16 41 99
16 42 21
16 43 20
16 44 0
16 45 0
16 46 0
16 47 50
16 48 0
16 49 95
16 50 0
16 51 14
16 52 84
16 53 0
16 54 37
16 55 10
16 56 0
16 57 0
16 58 64
16 59 45
16 60 0
16 61 0
16 62 0
16 63 68
16 64 73
16 65 0
16 66 71
16 67 0
16 68 0
16 69 0
16 70 0
16 71 62
16 72 0
16 73 76
16 74 63
16 75 25
16 76 0
16 77 17
16 78 79
16 79 0
16 80 0
16 81 0
16 82 0
16 83 58
16 84 26
16 85 0
16 86 96
16 87 0
16 88 0
16 89 14
17 0 66
17 1 70
17 2 62
17 3 77
17 4 0
17 5 0
17 6 0
17 7 0
17 8 0
17 9 0
17 10 32
17 11 0
17 12 53
17 13 0
17 14 0
17 15 16
17 16 0
17 17 0
17 18 0
17 19 89
17 20 17
17 21 75
17 22 0
17 23 0
17 24 0
17 25 94
17 26 0
17 27 0
17 28 0
17 29 0
17 30 31
17 31 0
17 32 0
17 33 0
17 34 76
17 35 48
17 36 0
17 37 0
17 38 60
17 39 27
17 40 34
17 41 0
17 42 33
17 43 27
17 44 0
17 45 0
17 46 0
17 47 20
17 48 0
17 49 0
17 50 0
17 51 99
17 52 0
17 53 34
17 54 0
17 55 0
17 56 91
17 57 60
17 58 0
17 59 0
17 60 0
17 61 21
17 62 0
17 63 15
17 64 0
17 65 98
17 66 29
17 67 91
17 68 18
17 69 0
17 70 0
17 71 0
17 72 0
17 73 72
17 74 0
17 75 100
17 76 65
17 77 43
17 78 0
17 79 0
17 80 0
17 81 89
17 82 70
17 83 12
17 84 26
17 85 0
17 86 0
17 87 14
17 88 61
17 89 18
18 0 0
18 1 0
18 2 20
18 3 56
18 4 0
18 5 96
18 6 0
18 7 0
18 8 0
18 9 79
18 10 40
18 11 72
18 12 0
18 13 72
18 14 0
18 15 0
18 16 0
18 17 0
18 18 0
18 19 0
18 20 58
18 21 0
18 22 0
18 23 0
18 24 0
18 25 0
18 26 57
18 27 40
18 28 0
18 29 24
18 30 89
18 31 64
18 32 0
18 33 40
18 34 30
18 35 38
18 36 0
18 37 23
18 38 0
18 39 83
18 40 56
18 41 0
18 42 56
18 43 0
18 44 0
18 45 21
18 46 0
18 47 71
18 48 0
18 49 87
18 50 0
18 51 67
18 52 0
18 53 0
18 54 0
18 55 0
18 56 19
18 57 0
18 58 77
18 59 16
18 60 39
18 61 69
18 62 17
18 63 0
18 64 0
18 65 61
18 66 60
18 67 93
18 68 0
18 69 41
18 70 79
18 71 95
18 72 0
18 73 0
18 74 0
18 75 0
18 76 96
18 77 75
18 78 0
18 79 0
18 80 0
18 81 0
18 82 51
18 83 0
18 84 0
18 85 33
18 86 97
18 87 0
18 88 18
18 89 0
19 0 0
19 1 0
19 2 0
19 3 97
19 4 0
19 5 0
19 6 71
19 7 0
19 8 0
19 9 0
19 10 84
19 11 26
19 12 94
19 13 0
19 14 77
19 15 18
19 16 87
19 17 89
19 18 0
19 19 0
19 20 24
19 21 94
19 22 17
19 23 21
19 24 0
19 25 48
19 26 0
19 27 0
19 28 52
19 29 90
19 30 17
19 31 0
19 32 0
19 33 90
19 34 0
19 35 0
19 36 0
19 37 0
19 38 58
19 39 0
19 40 92
19 41 67
19 42 0
19 43 48
19 44 84
19 45 0
19 46 0
19 47 0
19 48 26
19 49 0
19 50 34
19 51 80
19 52 0
19 53 50
19 54 66
19 55 14
19 56 30
19 57 0
19 58 50
19 59 0
19 60 0
19 61 27
19 62 0
19 63 28
19 64 0
19 65 37
19 66 0
19 67 0
19 68 0
19 69 53
19 70 69
19 71 56
19 72 0
19 73 0
19 74 63
19 75 0
19 76 0
19 77 63
19 78 0
19 79 11
19 80 89
19 81 0
19 82 25
19 83 0
19 84 23
19 85 0
19 86 0
19 87 44
19 88 100
19 89 35
20 0 0
20 1 0
20 2 0
20 3 62
20 4 0
20 5 0
20 6 0
20 7 36
20 8 46
20 9 0
20 10 36
20 11 0
20 12 0
20 13 79
20 14 0
20 15 54
20 16 0
20 17 17
20 18 58
20 19 24
20 20 0
20 21 40
20 22 0
20 23 25
20 24 0
20 25 57
20 26 33
20 27 0
20 28 0
20 29 0
20 30 71
20 31 0
20 32 20
20 33 92
20 34 0
20 35 47
20 36 0
20 37 0
20 38 97
20 39 99
20 40 0
20 41 0
20 42 76
20 43 89
20 44 0
20 45 0
20 46 0
20 47 0
20 48 0
20 49 0
20 50 0
20 51 93
20 52 29
20 53 67
20 54 13
20 55 62
20 56 98
20 57 17
20 58 0
20 59 0
20 60 0
20 61 68
20 62 62
20 63 24
20 64 0
20 65 24
20 66 60
20 67 17
20 68 0
20 69 95
20 70 0
20 71 59
20 72 85
20 73 25
20 74 42
20 75 0
20 76 0
20 77 43
20 78 0
20 79 0
20 80 0
20 81 0
20 82 73
20 83 68
20 84 0
20 85 32
20 86 0
20 87 0
20 88 0
20 89 0
21 0 0
21 1 0
21 2 0
21 3 0
21 4 0
21 5 100
21 6 0
21 7 76
21 8 0
21 9 0
21 10 49
21 11 0
21 12 0
21 13 0
21 14 81
21 15 0
21 16 16
21 17 75
21 18 0
21 19 94
21 20 40
21 21 0
21 22 86
21 23 25
21 24 0
21 25 0
21 26 78
21 27 0
21 28 21
21 29 64
21 30 54
21 31 0
21 32 0
21 33 0
21 34 95
21 35 51
21 36 94
21 37 68
21 38 38
21 39 89
21 40 0
21 41 66
21 42 0
21 43 0
21 44 0
21 45 13
21 46 0
21 47 97
21 48 0
21 49 38
21 50 0
21 51 43
21 52 10
21 53 0
21 54 18
21 55 75
21 56 62
21 57 12
21 58 10
21 59 0
21 60 0
21 61 70
21 62 74
21 63 89
21 64 85
21 65 0
21 66 97
21 67 15
21 68 0
21 69 0
21 70 0
21 71 0
21 72 0
21 73 47
21 74 95
21 75 98
21 76 74
21 77 14
21 78 0
21 79 0
21 80 15
21 81 0
21 82 91
21 83 0
21 84 86
21 85 11
21 86 0
21 87 0
21 88 0
21 89 34
22 0 0
22 1 19
22 2 0
22 3 100
22 4 91
22 5 59
22 6 97
22 7 43
22 8 0
22 9 0
22 10 0
22 11 0
22 12 52
22 13 0
22 14 0
22 15 83
22 16 40
22 17 0
22 18 0
22 19 17
22 20 0
22 21 86
22 22 0
22 23 0
22 24 91
22 25 0
22 26 0
22 27 11
22 28 100
22 29 20
22 30 0
22 31 0
22 32 0
22 33 13
22 34 44
22 35 0
22 36 41
22 37 87
22 38 75
22 39 92
22 40 83
22 41 0
22 42 39
22 43 0
22 44 46
22 45 21
22 46 0
22 47 0
22 48 37
22 49 91
22 50 0
22 51 67
22 52 71
22 53 0
22 54 0
22 55 0
22 56 0
22 57 83
22 58 59
22 59 10
22 60 0
22 61 0
22 62 20
22 63 45
22 64 0
22 65 0
22 66 0
22 67 0
22 68 0
22 69 0
22 70 82
22 71 0
22 72 46
22 73 0
22 74 99
22 75 0
22 76 0
22 77 0
22 78 0
22 79 0
22 80 0
22 81 45
22 82 0
22 83 0
22 84 25
22 85 65
22 86 64
22 87 50
22 88 75
22 89 0
23 0 72
23 1 0
23 2 0
23 3 57
23 4 0
23 5 0
23 6 42
23 7 16
23 8 40
23 9 0
23 10 22
23 11 0
23 12 24
23 13 75
23 14 72
23 15 49
23 16 38
23 17 0
23 18 0
23 19 21
23 20 25
23 21 25
23 22 0
23 23 0
23 24 46
23 25 0
23 26 0
23 27 0
23 28 92
23 29 0
23 30 0
23 31 90
23 32 40
23 33 0
23 34 0
23 35 0
23 36 0
23 37 58
23 38 0
23 39 0
23 40 0
23 41 0
23 42 0
23 43 0
23 44 37
23 45 73
23 46 0
23 47 23
23 48 42
23 49 16
23 50 0
23 51 0
23 52 85
23 53 0
23 54 36
23 55 0
23 56 47
23 57 0
23 58 48
23 59 0
23 60 0
23 61 62
23 62 96
23 63 0
23 64 43
23 65 0
23 66 0
23 67 0
23 68 92
23 69 61
23 70 0
23 71 44
23 72 0
23 73 0
23 74 94
23 75 90
23 76 98
23 77 0
23 78 0
23 79 92
23 80 0
23 81 0
23 82 100
23 83 0
23 84 26
23 85 0
23 86 17
23 87 59
23 88 45
23 89 0
24 0 44
24 1 0
24 2 86
24 3 0
24 4 0
24 5 0
24 6 19
24 7 33
24 8 48
24 9 0
24 10 17
24 11 82
24 12 0
24 13 44
24 14 0
24 15 91
24 16 72
24 17 0
24 18 0
24 19 0
24 20 0
24 21 0
24 22 91
24 23 46
24 24 0
24 25 0
24 26 0
24 27 0
24 28 77
24 29 40
24 30 0
24 31 41
24 32 0
24 33 0
24 34 0
24 35 66
24 36 0
24 37 63
24 38 0
24 39 0
24 40 35
24 41 66
24 42 24
24 43 0
24 44 0
24 45 78
24 46 39
24 47 0
24 48 21
24 49 12
24 50 0
24 51 27
24 52 0
24 53 44
24 54 60
24 55 0
24 56 0
24 57 24
24 58 0
24 59 94
24 60 97
24 61 57
24 62 74
24 63 0
24 64 99
24 65 0
24 66 0
24 67 0
24 68 0
24 69 53
24 70 0
24 71 0
24 72 0
24 73 39
24 74 0
24 75 0
24 76 69
24 77 0
24 78 79
24 79 0
24 80 0
24 81 0
24 82 76
24 83 43
24 84 0
24 85 0
24 86 23
24 87 29
24 88 56
24 89 23
25 0 0
25 1 33
25 2 0
25 3 0
25 4 0
25 5 68
25 6 0
25 7 0
25 8 0
25 9 0
25 10 0
25 11 13
25 12 0
25 13 29
25 14 72
25 15 67
25 16 0
25 17 94
25 18 0
25 19 48
25 20 57
25 21 0
25 22 0
25 23 0
25 24 0
25 25 0
25 26 51
25 27 0
25 28 0
25 29 0
25 30 0
25 31 0
25 32 25
25 33 0
25 34 0
25 35 22
25 36 87
25 37 79
25 38 0
25 39 0
25 40 45
25 41 0
25 42 62
25 43 27
25 44 46
25 45 0
25 46 0
25 47 0
25 48 53
25 49 88
25 50 68
25 51 41
25 52 0
25 53 0
25 54 0
25 55 0
25 56 0
25 57 68
25 58 0
25 59 50
25 60 0
25 61 0
25 62 19
25 63 0
25 64 82
25 65 0
25 66 10
25 67 30
25 68 0
25 69 19
25 70 0
25 71 17
25 72 72
25 73 0
25 74 62
25 75 26
25 76 34
25 77 41
25 78 20
25 79 45
25 80 87
25 81 0
25 82 0
25 83 62
25 84 14
25 85 20
25 86 34
25 87 0
25 88 68
25 89 0
26 0 0
26 1 31
26 2 48
26 3 48
26 4 0
26 5 0
26 6 50
26 7 0
26 8 0
26 9 0
26 10 64
26 11 73
26 12 0
26 13 0
26 14 0
26 15 16
26 16 37
26 17 0
26 18 57
26 19 0
26 20 33
26 21 78
26 22 0
26 23 0
26 24 0
26 25 51
26 26 0
26 27 25
26 28 66
26 29 0
26 30 46
26 31 83
26 32 0
26 33 44
26 34 67
26 35 85
26 36 37
26 37 74
26 38 0
26 39 65
26 40 42
26 41 93
26 42 0
26 43 49
26 44 44
26 45 0
26 46 19
26 47 0
26 48 0
26 49 0
26 50 61
26 51 0
26 52 0
26 53 41
26 54 26
26 55 0
26 56 0
26 57 36
26 58 0
26 59 0
26 60 0
26 61 60
26 62 68
26 63 90
26 64 0
26 65 0
26 66 0
26 67 0
26 68 0
26 69 0
26 70 86
26 71 44
26 72 0
26 73 68
26 74 0
26 75 54
26 76 0
26 77 97
26 78 0
26 79 0
26 80 0
26 81 0
26 82 0
26 83 0
26 84 80
26 85 0
26 86 0
26 87 38
26 88 0
26 89 0
27 0 0
27 1 0
27 2 0
27 3 0
27 4 81
27 5 64
27 6 20
27 7 91
27 8 84
27 9 0
27 10 92
27 11 0
27 12 0
27 13 74
27 14 0
27 15 17
27 16 0
27 17 0
27 18 40
27 19 0
27 20 0
27 21 0
27 22 11
27 23 0
27 24 0
27 25 0
27 26 25
27 27 0
27 28 71
27 29 0
27 30 83
27 31 0
27 32 62
27 33 73
27 34 0
27 35 68
27 36 0
27 37 0
27 38 58
27 39 0
27 40 0
27 41 98
27 42 0
27 43 89
27 44 0
27 45 0
27 46 18
27 47 82
27 48 0
27 49 19
27 50 65
27 51 0
27 52 16
27 53 95
27 54 0
27 55 0
27 56 0
27 57 0
27 58 95
27 59 48
27 60 30
27 61 44
27 62 0
27 63 0
27 64 0
27 65 55
27 66 66
27 67 40
27 68 0
27 69 0
27 70 41
27 71 38
27 72 0
27 73 44
27 74 28
27 75 25
27 76 88
27 77 0
27 78 0
27 79 0
27 80 0
27 81 0
27 82 0
27 83 26
27 84 0
27 85 0
27 86 0
27 87 0
27 88 99
27 89 39
28 0 62
28 1 0
28 2 24
28 3 0
28 4 70
28 5 0
28 6 0
28 7 0
28 8 17
28 9 0
28 10 84
28 11 62
28 12 0
28 13 39
28 14 98
28 15 0
28 16 0
28 17 0
28 18 0
28 19 52
28 20 0
28 21 21
28 22 100
28 23 92
28 24 77
28 25 0
28 26 66
28 27 71
28 28 0
28 29 0
28 30 0
28 31 95
28 32 87
28 33 0
28 34 0
28 35 87
28 36 0
28 37 100
28 38 69
28 39 0
28 40 0
28 41 0
28 42 82
28 43 0
28 44 0
28 45 79
28 46 0
28 47 0
28 48 0
28 49 36
28 50 61
28 51 0
28 52 15
28 53 22
28 54 0
28 55 32
28 56 77
28 57 67
28 58 0
28 59 0
28 60 69
28 61 28
28 62 0
28 63 0
28 64 75
28 65 55
28 66 21
28 67 35
28 68 0
28 69 0
28 70 99
28 71 0
28 72 53
28 73 0
28 74 0
28 75 32
28 76 87
28 77 0
28 78 23
28 79 69
28 80 35
28 81 11
28 82 0
28 83 0
28 84 0
28 85 0
28 86 97
28 87 41
28 88 94
28 89 0
29 0 0
29 1 0
29 2 24
29 3 0
29 4 0
29 5 0
29 6 0
29 7 0
29 8 0
29 9 0
29 10 0
29 11 95
29 12 0
29 13 47
29 14 0
29 15 0
29 16 14
29 17 0
29 18 24
29 19 90
29 20 0
29 21 64
29 22 20
29 23 0
29 24 40
29 25 0
29 26 0
29 27 0
29 28 0
29 29 0
29 30 0
29 31 96
29 32 49
29 33 0
29 34 0
29 35 0
29 36 0
29 37 0
29 38 40
29 39 0
29 40 56
29 41 0
29 42 0
29 43 27
29 44 38
29 45 92
29 46 0
29 47 0
29 48 43
29 49 0
29 50 0
29 51 27
29 52 17
29 53 0
29 54 0
29 55 81
29 56 0
29 57 70
29 58 0
29 59 54
29 60 0
29 61 0
29 62 86
29 63 0
29 64 94
29 65 0
29 66 39
29 67 0
29 68 0
29 69 61
29 70 37
29 71 10
29 72 50
29 73 28
29 74 0
29 75 0
29 76 0
29 77 0
29 78 90
29 79 37
29 80 0
29 81 89
29 82 0
29 83 96
29 84 0
29 85 75
29 86 0
29 87 0
29 88 29
29 89 0
30 0 0
30 1 0
30 2 16
30 3 0
30 4 74
30 5 0
30 6 34
30 7 51
30 8 80
30 9 0
30 10 98
30 11 20
30 12 0
30 13 0
30 14 0
30 15 83
30 16 19
30 17 31
30 18 89
30 19 17
30 20 71
30 21 54
30 22 0
30 23 0
30 24 0
30 25 0
30 26 46
30 27 83
30 28 0
30 29 0
30 30 0
30 31 17
30 32 29
30 33 37
30 34 0
30 35 31
30 36 53
30 37 58
30 38 87
30 39 98
30 40 0
30 41 34
30 42 0
30 43 0
30 44 0
30 45 65
30 46 26
30 47 0
30 48 35
30 49 0
30 50 0
30 51 0
30 52 71
30 53 90
30 54 62
30 55 81
30 56 14
30 57 0
30 58 0
30 59 77
30 60 0
30 61 0
30 62 0
30 63 97
30 64 0
30 65 0
30 66 0
30 67 0
30 68 81
30 69 0
30 70 0
30 71 0
30 72 0
30 73 96
30 74 0
30 75 38
30 76 59
30 77 12
30 78 68
30 79 0
30 80 0
30 81 0
30 82 0
30 83 0
30 84 0
30 85 0
30 86 92
30 87 25
30 88 0
30 89 0
31 0 0
31 1 0
31 2 0
31 3 69
31 4 68
31 5 0
31 6 0
31 7 0
31 8 0
31 9 87
31 10 87
31 11 98
31 12 0
31 13 28
31 14 26
31 15 93
31 16 0
31 17 0
31 18 64
31 19 0
31 20 0
31 21 0
31 22 0
31 23 90
31 24 41
31 25 0
31 26 83
31 27 0
31 28 95
31 29 96
31 30 17
31 31 0
31 32 0
31 33 33
31 34 66
31 35 0
31 36 0
31 37 0
31 38 0
31 39 0
31 40 0
31 41 32
31 42 0
31 43 0
31 44 0
31 45 0
31 46 30
31 47 81
31 48 0
31 49 55
31 50 26
31 51 60
31 52 50
31 53 0
31 54 0
31 55 22
31 56 85
31 57 72
31 58 27
31 59 0
31 60 18
31 61 93
31 62 0
31 63 0
31 64 39
31 65 0
31 66 58
31 67 0
31 68 0
31 69 0
31 70 0
31 71 84
31 72 98
31 73 0
31 74 34
31 75 30
31 76 0
31 77 44
31 78 0
31 79 0
31 80 82
31 81 73
31 82 51
31 83 91
31 84 0
31 85 0
31 86 0
31 87 23
31 88 0
31 89 0
32 0 28
32 1 0
32 2 73
32 3 0
32 4 73
32 5 61
32 6 71
32 7 80
32 8 0
32 9 0
32 10 12
32 11 27
32 12 0
32 13 0
32 14 53
32 15 57
32 16 60
32 17 0
32 18 0
32 19 0
32 20 20
32 21 0
32 22 0
32 23 40
32 24 0
32 25 25
32 26 0
32 27 62
32 28 87
32 29 49
32 30 29
32 31 0
32 32 0
32 33 27
32 34 0
32 35 0
32 36 0
32 37 0
32 38 0
32 39 0
32 40 68
32 41 0
32 42 0
32 43 23
32 44 71
32 45 0
32 46 0
32 47 0
32 48 0
32 49 0
32 50 0
32 51 15
32 52 32
32 53 0
32 54 0
32 55 0
32 56 69
32 57 74
32 58 0
32 59 15
32 60 80
32 61 0
32 62 78
32 63 0
32 64 0
32 65 80
32 66 92
32 67 0
32 68 0
32 69 55
32 70 37
32 71 0
32 72 0
32 73 0
32 74 0
32 75 91
32 76 0
32 77 0
32 78 0
32 79 0
32 80 78
32 81 0
32 82 76
32 83 0
32 84 0
32 85 62
32 86 20
32 87 0
32 88 60
32 89 0
33 0 47
33 1 42
33 2 0
33 3 32
33 4 0
33 5 0
33 6 61
33 7 66
33 8 15
33 9 56
33 10 65
33 11 0
33 12 0
33 13 62
33 14 87
33 15 67
33 16 0
33 17 0
33 18 40
33 19 90
33 20 92
33 21 0
33 22 13
33 23 0
33 24 0
33 25 0
33 26 44
33 27 73
33 28 0
33 29 0
33 30 37
33 31 33
33 32 27
33 33 0
33 34 0
33 35 0
33 36 70
33 37 31
33 38 0
33 39 0
33 40 69
33 41 0
33 42 32
33 43 0
33 44 0
33 45 0
33 46 86
33 47 39
33 48 98
33 49 100
33 50 0
33 51 0
33 52 49
33 53 10
33 54 90
33 55 0
33 56 0
33 57 83
33 58 0
33 59 100
33 60 48
33 61 48
33 62 68
33 63 0
33 64 71
33 65 88
33 66 0
33 67 0
33 68 13
33 69 0
33 70 77
33 71 82
33 72 0
33 73 77
33 74 83
33 75 41
33 76 72
33 77 77
33 78 74
33 79 99
33 80 0
33 81 0
33 82 0
33 83 0
33 84 0
33 85 0
33 86 44
33 87 0
33 88 0
33 89 0
34 0 27
34 1 0
34 2 32
34 3 36
34 4 51
34 5 0
34 6 0
34 7 98
34 8 0
34 9 0
34 10 70
34 11 52
34 12 0
34 13 60
34 14 77
34 15 0
34 16 0
34 17 76
34 18 30
34 19 0
34 20 0
34 21 95
34 22 44
34 23 0
34 24 0
34 25 0
34 26 67
34 27 0
34 28 0
34 29 0
34 30 0
34 31 66
34 32 0
34 33 0
34 34 0
34 35 0
34 36 11
34 37 84
34 38 0
34 39 0
34 40 88
34 41 0
34 42 59
34 43 70
34 44 0
34 45 50
34 46 0
34 47 83
34 48 0
34 49 0
34 50 0
34 51 18
34 52 47
34 53 0
34 54 0
34 55 0
34 56 92
34 57 0
34 58 0
34 59 73
34 60 97
34 61 0
34 62 95
34 63 0
34 64 96
34 65 65
34 66 29
34 67 56
34 68 32
34 69 42
34 70 0
34 71 31
34 72 99
34 73 0
34 74 100
34 75 97
34 76 0
34 77 0
34 78 0
34 79 0
34 80 55
34 81 70
34 82 28
34 83 33
34 84 82
34 85 0
34 86 0
34 87 27
34 88 0
34 89 57
35 0 64
35 1 0
35 2 77
35 3 97
35 4 41
35 5 53
35 6 28
35 7 80
35 8 31
35 9 31
35 10 0
35 11 89
35 12 29
35 13 0
35 14 0
35 15 0
35 16 11
35 17 48
35 18 38
35 19 0
35 20 47
35 21 51
35 22 0
35 23 0
35 24 66
35 25 22
35 26 85
35 27 68
35 28 87
35 29 0
35 30 31
35 31 0
35 32 0
35 33 0
35 34 0
35 35 0
35 36 0
35 37 0
35 38 0
35 39 84
35 40 0
35 41 0
35 42 46
35 43 0
35 44 67
35 45 0
35 46 0
35 47 89
35 48 0
35 49 32
35 50 28
35 51 0
35 52 0
35 53 16
35 54 66
35 55 92
35 56 0
35 57 97
35 58 92
35 59 0
35 60 0
35 61 0
35 62 0
35 63 13
35 64 20
35 65 62
35 66 74
35 67 0
35 68 41
35 69 51
35 70 48
35 71 0
35 72 56
35 73 0
35 74 0
35 75 0
35 76 66
35 77 0
35 78 63
35 79 0
35 80 81
35 81 41
35 82 52
35 83 25
35 84 0
35 85 30
35 86 72
35 87 45
35 88 0
35 89 30
36 0 94
36 1 0
36 2 0
36 3 0
36 4 63
36 5 0
36 6 97
36 7 0
36 8 23
36 9 66
36 10 0
36 11 0
36 12 0
36 13 0
36 14 82
36 15 0
36 16 15
36 17 0
36 18 0
36 19 0
36 20 0
36 21 94
36 22 41
36 23 0
36 24 0
36 25 87
36 26 37
36 27 0
36 28 0
36 29 0
36 30 53
36 31 0
36 32 0
36 33 70
36 34 11
36 35 0
36 36 0
36 37 11
36 38 15
36 39 0
36 40 43
36 41 0
36 42 0
36 43 40
36 44 27
36 45 0
36 46 56
36 47 94
36 48 84
36 49 0
36 50 0
36 51 21
36 52 53
36 53 0
36 54 15
36 55 23
36 56 0
36 57 0
36 58 28
36 59 59
36 60 0
36 61 35
36 62 93
36 63 0
36 64 0
36 65 20
36 66 97
36 67 0
36 68 89
36 69 82
36 70 0
36 71 0
36 72 77
36 73 72
36 74 59
36 75 34
36 76 96
36 77 97
36 78 0
36 79 0
36 80 0
36 81 0
36 82 0
36 83 0
36 84 0
36 85 26
36 86 0
36 87 41
36 88 25
36 89 0
37 0 0
37 1 73
37 2 54
37 3 17
37 4 63
37 5 51
37 6 0
37 7 11
37 8 96
37 9 58
37 10 0
37 11 0
37 12 0
37 13 0
37 14 71
37 15 0
37 16 0
37 17 0
37 18 23
37 19 0
37 20 0
37 21 68
37 22 87
37 23 58
37 24 63
37 25 79
37 26 74
37 27 0
37 28 100
37 29 0
37 30 58
37 31 0
37 32 0
37 33 31
37 34 84
37 35 0
37 36 11
37 37 0
37 38 51
37 39 0
37 40 0
37 41 0
37 42 13
37 43 77
37 44 29
37 45 97
37 46 40
37 47 0
37 48 38
37 49 0
37 50 29
37 51 0
37 52 0
37 53 0
37 54 86
37 55 11
37 56 87
37 57 19
37 58 44
37 59 0
37 60 55
37 61 60
37 62 15
37 63 45
37 64 24
37 65 15
37 66 59
37 67 0
37 68 0
37 69 91
37 70 0
37 71 72
37 72 76
37 73 0
37 74 0
37 75 0
37 76 0
37 77 0
37 78 0
37 79 0
37 80 80
37 81 0
37 82 0
37 83 42
37 84 14
37 85 59
37 86 46
37 87 15
37 88 0
37 89 71
38 0 50
38 1 70
38 2 15
38 3 0
38 4 31
38 5 64
38 6 43
38 7 78
38 8 70
38 9 70
38 10 93
38 11 54
38 12 0
38 13 65
38 14 0
38 15 53
38 16 0
38 17 60
38 18 0
38 19 58
38 20 97
38 21 38
38 22 75
38 23 0
38 24 0
38 25 0
38 26 0
38 27 58
38 28 69
38 29 40
38 30 87
38 31 0
38 32 0
38 33 0
38 34 0
38 35 0
38 36 15
38 37 51
38 38 0
38 39 32
38 40 77
38 41 0
38 42 0
38 43 81
38 44 0
38 45 0
38 46 75
38 47 0
38 48 49
38 49 0
38 50 79
38 51 44
38 52 91
38 53 0
38 54 0
38 55 0
38 56 0
38 57 0
38 58 0
38 59 99
38 60 81
38 61 0
38 62 65
38 63 64
38 64 0
38 65 62
38 66 17
38 67 56
38 68 0
38 69 96
38 70 72
38 71 91
38 72 60
38 73 0
38 74 0
38 75 0
38 76 83
38 77 0
38 78 0
38 79 0
38 80 0
38 81 83
38 82 38
38 83 58
38 84 0
38 85 0
38 86 33
38 87 0
38 88 38
38 89 0
39 0 0
39 1 56
39 2 45
39 3 82
39 4 0
39 5 0
39 6 66
39 7 0
39 8 66
39 9 0
39 10 0
39 11 0
39 12 35
39 13 18
39 14 57
39 15 0
39 16 0
39 17 27
39 18 83
39 19 0
39 20 99
39 21 89
39 22 92
39 23 0
39 24 0
39 25 0
39 26 65
39 27 0
39 28 0
39 29 0
39 30 98
39 31 0
39 32 0
39 33 0
39 34 0
39 35 84
39 36 0
39 37 0
39 38 32
39 39 0
39 40 0
39 41 0
39 42 0
39 43 46
39 44 0
39 45 0
39 46 32
39 47 0
39 48 50
39 49 89
39 50 79
39 51 0
39 52 18
39 53 50
39 54 0
39 55 0
39 56 61
39 57 48
39 58 11
39 59 29
39 60 0
39 61 0
39 62 46
39 63 12
39 64 0
39 65 39
39 66 55
39 67 0
39 68 57
39 69 68
39 70 38
39 71 87
39 72 0
39 73 48
39 74 0
39 75 0
39 76 34
39 77 88
39 78 69
39 79 66
39 80 0
39 81 0
39 82 0
39 83 0
39 84 89
39 85 0
39 86 57
39 87 71
39 88 0
39 89 0
40 0 39
40 1 0
40 2 96
40 3 0
40 4 41
40 5 100
40 6 0
40 7 92
40 8 0
40 9 57
40 10 0
40 11 59
40 12 0
40 13 0
40 14 0
40 15 0
40 16 86
40 17 34
40 18 56
40 19 92
40 20 0
40 21 0
40 22 83
40 23 0
40 24 35
40 25 45
40 26 42
40 27 0
40 28 0
40 29 56
40 30 0
40 31 0
40 32 68
40 33 69
40 34 88
40 35 0
40 36 43
40 37 0
40 38 77
40 39 0
40 40 0
40 41 0
40 42 86
40 43 0
40 44 0
40 45 0
40 46 60
40 47 74
40 48 53
40 49 50
40 50 82
40 51 35
40 52 0
40 53 0
40 54 64
40 55 0
40 56 92
40 57 44
40 58 29
40 59 0
40 60 0
40 61 0
40 62 0
40 63 28
40 64 57
40 65 25
40 66 0
40 67 42
40 68 46
40 69 0
40 70 0
40 71 63
40 72 18
40 73 49
40 74 0
40 75 0
40 76 69
40 77 0
40 78 60
40 79 54
40 80 0
40 81 72
40 82 54
40 83 96
40 84 91
40 85 37
40 86 0
40 87 72
40 88 0
40 89 70
41 0 0
41 1 25
41 2 0
41 3 0
41 4 0
41 5 0
41 6 93
41 7 0
41 8 68
41 9 0
41 10 0
41 11 37
41 12 0
41 13 17
41 14 10
41 15 10
41 16 99
41 17 0
41 18 0
41 19 67
41 20 0
41 21 66
41 22 0
41 23 0
41 24 66
41 25 0
41 26 93
41 27 98
41 28 0
41 29 0
41 30 34
41 31 32
41 32 0
41 33 0
41 34 0
41 35 0
41 36 0
41 37 0
41 38 0
41 39 0
41 40 0
41 41 0
41 42 15
41 43 0
41 44 0
41 45 0
41 46 0
41 47 72
41 48 26
41 49 54
41 50 38
41 51 49
41 52 67
41 53 15
41 54 36
41 55 26
41 56 0
41 57 0
41 58 0
41 59 51
41 60 0
41 61 20
41 62 0
41 63 0
41 64 0
41 65 43
41 66 0
41 67 33
41 68 66
41 69 53
41 70 75
41 71 88
41 72 29
41 73 31
41 74 51
41 75 20
41 76 0
41 77 0
41 78 0
41 79 0
41 80 86
41 81 100
41 82 0
41 83 34
41 84 40
41 85 24
41 86 0
41 87 0
41 88 0
41 89 74
42 0 30
42 1 79
42 2 64
42 3 60
42 4 0
42 5 0
42 6 91
42 7 0
42 8 42
42 9 73
42 10 0
42 11 15
42 12 0
42 13 0
42 14 0
42 15 0
42 16 21
42 17 33
42 18 56
42 19 0
42 20 76
42 21 0
42 22 39
42 23 0
42 24 24
42 25 62
42 26 0
42 27 0
42 28 82
42 29 0
42 30 0
42 31 0
42 32 0
42 33 32
42 34 59
42 35 46
42 36 0
42 37 13
42 38 0
42 39 0
42 40 86
42 41 15
42 42 0
42 43 92
42 44 0
42 45 0
42 46 0
42 47 0
42 48 0
42 49 37
42 50 0
42 51 59
42 52 95
42 53 57
42 54 68
42 55 0
42 56 0
42 57 0
42 58 37
42 59 60
42 60 0
42 61 0
42 62 0
42 63 0
42 64 39
42 65 0
42 66 82
42 67 0
42 68 0
42 69 98
42 70 0
42 71 0
42 72 0
42 73 36
42 74 0
42 75 58
42 76 100
42 77 0
42 78 31
42 79 0
42 80 0
42 81 19
42 82 0
42 83 0
42 84 79
42 85 40
42 86 65
42 87 0
42 88 0
42 89 0
43 0 45
43 1 20
43 2 0
43 3 0
43 4 89
43 5 0
43 6 76
43 7 0
43 8 89
43 9 0
43 10 0
43 11 63
43 12 23
43 13 93
43 14 21
43 15 0
43 16 20
43 17 27
43 18 0
43 19 48
43 20 89
43 21 0
43 22 0
43 23 0
43 24 0
43 25 27
43 26 49
43 27 89
43 28 0
43 29 27
43 30 0
43 31 0
43 32 23
43 33 0
43 34 70
43 35 0
43 36 40
43 37 77
43 38 81
43 39 46
43 40 0
43 41 0
43 42 92
43 43 0
43 44 0
43 45 65
43 46 57
43 47 34
43 48 0
43 49 48
43 50 0
43 51 54
43 52 0
43 53 0
43 54 0
43 55 96
43 56 37
43 57 0
43 58 14
43 59 71
43 60 0
43 61 89
43 62 55
43 63 0
43 64 34
43 65 49
43 66 63
43 67 65
43 68 42
43 69 0
43 70 95
43 71 0
43 72 42
43 73 0
43 74 88
43 75 36
43 76 54
43 77 84
43 78 0
43 79 95
43 80 0
43 81 71
43 82 42
43 83 73
43 84 0
43 85 0
43 86 0
43 87 37
43 88 82
43 89 0
44 0 0
44 1 69
44 2 42
44 3 94
44 4 71
44 5 0
44 6 0
44 7 90
44 8 0
44 9 49
44 10 65
44 11 33
44 12 0
44 13 0
44 14 98
44 15 0
44 16 0
44 17 0
44 18 0
44 19 84
44 20 0
44 21 0
44 22 46
44 23 37
44 24 0
44 25 46
44 26 44
44 27 0
44 28 0
44 29 38
44 30 0
44 31 0
44 32 71
44 33 0
44 34 0
44 35 67
44 36 27
44 37 29
44 38 0
44 39 0
44 40 0
44 41 0
44 42 0
44 43 0
44 44 0
44 45 0
44 46 0
44 47 0
44 48 0
44 49 0
44 50 35
44 51 0
44 52 96
44 53 68
44 54 0
44 55 70
44 56 0
44 57 0
44 58 70
44 59 0
44 60 30
44 61 0
44 62 0
44 63 48
44 64 13
44 65 15
44 66 100
44 67 0
44 68 0
44 69 30
44 70 0
44 71 66
44 72 0
44 73 17
44 74 11
44 75 38
44 76 68
44 77 0
44 78 0
44 79 86
44 80 0
44 81 0
44 82 0
44 83 50
44 84 79
44 85 16
44 86 0
44 87 0
44 88 22
44 89 0
45 0 0
45 1 0
45 2 0
45 3 0
45 4 0
45 5 88
45 6 0
45 7 86
45 8 0
45 9 28
45 10 0
45 11 78
45 12 68
45 13 69
45 14 0
45 15 94
45 16 0
45 17 0
45 18 21
45 19 0
45 20 0
45 21 13
45 22 21
45 23 73
45 24 78
45 25 0
45 26 0
45 27 0
45 28 79
45 29 92
45 30 65
45 31 0
45 32 0
45 33 0
45 34 50
45 35 0
45 36 0
45 37 97
45 38 0
45 39 0
45 40 0
45 41 0
45 42 0
45 43 65
45 44 0
45 45 0
45 46 52
45 47 0
45 48 83
45 49 0
45 50 54
45 51 0
45 52 0
45 53 81
45 54 18
45 55 90
45 56 12
45 57 0
45 58 0
45 59 96
45 60 0
45 61 18
45 62 64
45 63 0
45 64 58
45 65 69
45 66 0
45 67 0
45 68 94
45 69 99
45 70 63
45 71 0
45 72 89
45 73 0
45 74 98
45 75 65
45 76 0
45 77 43
45 78 74
45 79 0
45 80 0
45 81 66
45 82 85
45 83 0
45 84 0
45 85 50
45 86 100
45 87 0
45 88 46
45 89 70
46 0 85
46 1 0
46 2 79
46 3 77
46 4 0
46 5 0
46 6 0
46 7 0
46 8 0
46 9 0
46 10 31
46 11 0
46 12 37
46 13 0
46 14 63
46 15 0
46 16 0
46 17 0
46 18 0
46 19 0
46 20 0
46 21 0
46 22 0
46 23 0
46 24 39
46 25 0
46 26 19
46 27 18
46 28 0
46 29 0
46 30 26
46 31 30
46 32 0
46 33 86
46 34 0
46 35 0
46 36 56
46 37 40
46 38 75
46 39 32
46 40 60
46 41 0
46 42 0
46 43 57
46 44 0
46 45 52
46 46 0
46 47 0
46 48 12
46 49 81
46 50 0
46 51 43
46 52 20
46 53 46
46 54 50
46 55 88
46 56 43
46 57 55
46 58 67
46 59 81
46 60 0
46 61 0
46 62 23
46 63 0
46 64 78
46 65 97
46 66 51
46 67 22
46 68 93
46 69 0
46 70 0
46 71 22
46 72 0
46 73 91
46 74 49
46 75 0
46 76 0
46 77 0
46 78 43
46 79 0
46 80 64
46 81 17
46 82 0
46 83 0
46 84 77
46 85 0
46 86 0
46 87 88
46 88 14
46 89 60
47 0 0
47 1 0
47 2 61
47 3 0
47 4 0
47 5 69
47 6 0
47 7 86
47 8 80
47 9 0
47 10 40
47 11 34
47 12 24
47 13 57
47 14 0
47 15 69
47 16 50
47 17 20
47 18 71
47 19 0
47 20 0
47 21 97
47 22 0
47 23 23
47 24 0
47 25 0
47 26 0
47 27 82
47 28 0
47 29 0
47 30 0
47 31 81
47 32 0
47 33 39
47 34 83
47 35 89
47 36 94
47 37 0
47 38 0
47 39 0
47 40 74
47 41 72
47 42 0
47 43 34
47 44 0
47 45 0
47 46 0
47 47 0
47 48 20
47 49 35
47 50 26
47 51 83
47 52 0
47 53 76
47 54 0
47 55 0
47 56 0
47 57 0
47 58 0
47 59 0
47 60 50
47 61 50
47 62 0
47 63 82
47 64 0
47 65 15
47 66 66
47 67 0
47 68 0
47 69 33
47 70 95
47 71 21
47 72 0
47 73 0
47 74 0
47 75 0
47 76 0
47 77 52
47 78 0
47 79 33
47 80 43
47 81 55
47 82 0
47 83 0
47 84 93
47 85 0
47 86 94
47 87 0
47 88 0
47 89 0
48 0 0
48 1 62
48 2 50
48 3 0
48 4 22
48 5 35
48 6 0
48 7 69
48 8 0
48 9 95
48 10 76
48 11 73
48 12 95
48 13 0
48 14 0
48 15 55
48 16 0
48 17 0
48 18 0
48 19 26
48 20 0
48 21 0
48 22 37
48 23 42
48 24 21
48 25 53
48 26 0
48 27 0
48 28 0
48 29 43
48 30 35
48 31 0
48 32 0
48 33 98
48 34 0
48 35 0
48 36 84
48 37 38
48 38 49
48 39 50
48 40 53
48 41 26
48 42 0
48 43 0
48 44 0
48 45 83
48 46 12
48 47 20
48 48 0
48 49 0
48 50 87
48 51 0
48 52 100
48 53 0
48 54 0
48 55 13
48 56 38
48 57 0
48 58 29
48 59 21
48 60 0
48 61 0
48 62 36
48 63 19
48 64 48
48 65 0
48 66 0
48 67 96
48 68 0
48 69 90
48 70 78
48 71 83
48 72 0
48 73 89
48 74 18
48 75 87
48 76 0
48 77 80
48 78 50
48 79 91
48 80 92
48 81 55
48 82 75
48 83 0
48 84 35
48 85 45
48 86 0
48 87 0
48 88 91
48 89 17
49 0 56
49 1 31
49 2 0
49 3 0
49 4 0
49 5 47
49 6 59
49 7 0
49 8 53
49 9 52
49 10 0
49 11 97
49 12 0
49 13 0
49 14 0
49 15 25
49 16 95
49 17 0
49 18 87
49 19 0
49 20 0
49 21 38
49 22 91
49 23 16
49 24 12
49 25 88
49 26 0
49 27 19
49 28 36
49 29 0
49 30 0
49 31 55
49 32 0
49 33 100
49 34 0
49 35 32
49 36 0
49 37 0
49 38 0
49 39 89
49 40 50
49 41 54
49 42 37
49 43 48
49 44 0
49 45 0
49 46 81
49 47 35
49 48 0
49 49 0
49 50 88
49 51 0
49 52 57
49 53 0
49 54 0
49 55 75
49 56 0
49 57 0
49 58 0
49 59 0
49 60 33
49 61 0
49 62 32
49 63 51
49 64 93
49 65 0
49 66 57
49 67 86
49 68 0
49 69 33
49 70 0
49 71 0
49 72 0
49 73 51
49 74 0
49 75 0
49 76 0
49 77 96
49 78 96
49 79 0
49 80 41
49 81 0
49 82 79
49 83 0
49 84 53
49 85 91
49 86 0
49 87 0
49 88 0
49 89 62
50 0 0
50 1 0
50 2 0
50 3 34
50 4 59
50 5 41
50 6 62
50 7 27
50 8 89
50 9 0
50 10 0
50 11 90
50 12 0
50 13 0
50 14 0
50 15 0
50 16 0
50 17 0
50 18 0
50 19 34
50 20 0
50 21 0
50 22 0
50 23 0
50 24 0
50 25 68
50 26 61
50 27 65
50 28 61
50 29 0
50 30 0
50 31 26
50 32 0
50 33 0
50 34 0
50 35 28
50 36 0
50 37 29
50 38 79
50 39 79
50 40 82
50 41 38
50 42 0
50 43 0
50 44 35
50 45 54
50 46 0
50 47 26
50 48 87
50 49 88
50 50 0
50 51 0
50 52 84
50 53 0
50 54 0
50 55 25
50 56 79
50 57 43
50 58 0
50 59 62
50 60 0
50 61 32
50 62 0
50 63 0
50 64 0
50 65 0
50 66 72
50 67 0
50 68 0
50 69 0
50 70 0
50 71 20
50 72 0
50 73 99
50 74 42
50 75 0
50 76 14
50 77 0
50 78 24
50 79 79
50 80 48
50 81 38
50 82 0
50 83 0
50 84 12
50 85 0
50 86 47
50 87 0
50 88 0
50 89 58
51 0 0
51 1 67
51 2 0
51 3 38
51 4 0
51 5 67
51 6 52
51 7 48
51 8 49
51 9 0
51 10 20
51 11 92
51 12 31
51 13 29
51 14 0
51 15 18
51 16 14
51 17 99
51 18 67
51 19 80
51 20 93
51 21 43
51 22 67
51 23 0
51 24 27
51 25 41
51 26 0
51 27 0
51 28 0
51 29 27
51 30 0
51 31 60
51 32 15
51 33 0
51 34 18
51 35 0
51 36 21
51 37 0
51 38 44
51 39 0
51 40 35
51 41 49
51 42 59
51 43 54
51 44 0
51 45 0
51 46 43
51 47 83
51 48 0
51 49 0
51 50 0
51 51 0
51 52 0
51 53 0
51 54 48
51 55 92
51 56 31
51 57 91
51 58 51
51 59 0
51 60 0
51 61 74
51 62 0
51 63 15
51 64 0
51 65 0
51 66 0
51 67 55
51 68 87
51 69 0
51 70 22
51 71 0
51 72 0
51 73 0
51 74 21
51 75 15
51 76 84
51 77 0
51 78 0
51 79 62
51 80 73
51 81 0
51 82 0
51 83 23
51 84 47
51 85 11
51 86 89
51 87 10
51 88 0
51 89 59
52 0 0
52 1 0
52 2 0
52 3 0
52 4 35
52 5 12
52 6 0
52 7 99
52 8 26
52 9 42
52 10 38
52 11 0
52 12 0
52 13 0
52 14 0
52 15 0
52 16 84
52 17 0
52 18 0
52 19 0
52 20 29
52 21 10
52 22 71
52 23 85
52 24 0
52 25 0
52 26 0
52 27 16
52 28 15
52 29 17
52 30 71
52 31 50
52 32 32
52 33 49
52 34 47
52 35 0
52 36 53
52 37 0
52 38 91
52 39 18
52 40 0
52 41 67
52 42 95
52 43 0
52 44 96
52 45 0
52 46 20
52 47 0
52 48 100
52 49 57
52 50 84
52 51 0
52 52 0
52 53 57
52 54 0
52 55 55
52 56 0
52 57 0
52 58 0
52 59 0
52 60 0
52 61 0
52 62 0
52 63 0
52 64 0
52 65 0
52 66 0
52 67 10
52 68 98
52 69 0
52 70 100
52 71 12
52 72 92
52 73 0
52 74 97
52 75 0
52 76 0
52 77 22
52 78 0
52 79 0
52 80 66
52 81 64
52 82 92
52 83 84
52 84 22
52 85 57
52 86 84
52 87 0
52 88 0
52 89 50
53 0 0
53 1 0
53 2 52
53 3 0
53 4 0
53 5 0
53 6 0
53 7 23
53 8 33
53 9 0
53 10 0
53 11 0
53 12 70
53 13 0
53 14 0
53 15 55
53 16 0
53 17 34
53 18 0
53 19 50
53 20 67
53 21 0
53 22 0
53 23 0
53 24 44
53 25 0
53 26 41
53 27 95
53 28 22
53 29 0
53 30 90
53 31 0
53 32 0
53 33 10
53 34 0
53 35 16
53 36 0
53 37 0
53 38 0
53 39 50
53 40 0
53 41 15
53 42 57
53 43 0
53 44 68
53 45 81
53 46 46
53 47 76
53 48 0
53 49 0
53 50 0
53 51 0
53 52 57
53 53 0
53 54 0
53 55 0
53 56 0
53 57 21
53 58 57
53 59 84
53 60 0
53 61 98
53 62 0
53 63 34
53 64 52
53 65 27
53 66 22
53 67 61
53 68 0
53 69 0
53 70 52
53 71 0
53 72 0
53 73 39
53 74 0
53 75 0
53 76 0
53 77 61
53 78 97
53 79 0
53 80 0
53 81 70
53 82 0
53 83 49
53 84 63
53 85 0
53 86 0
53 87 11
53 88 0
53 89 81
54 0 75
54 1 0
54 2 0
54 3 54
54 4 31
54 5 0
54 6 0
54 7 77
54 8 49
54 9 0
54 10 0
54 11 66
54 12 80
54 13 0
54 14 0
54 15 33
54 16 37
54 17 0
54 18 0
54 19 66
54 20 13
54 21 18
54 22 0
54 23 36
54 24 60
54 25 0
54 26 26
54 27 0
54 28 0
54 29 0
54 30 62
54 31 0
54 32 0
54 33 90
54 34 0
54 35 66
54 36 15
54 37 86
54 38 0
54 39 0
54 40 64
54 41 36
54 42 68
54 43 0
54 44 0
54 45 18
54 46 50
54 47 0
54 48 0
54 49 0
54 50 0
54 51 48
54 52 0
54 53 0
54 54 0
54 55 0
54 56 42
54 57 0
54 58 0
54 59 25
54 60 61
54 61 60
54 62 70
54 63 100
54 64 57
54 65 0
54 66 61
54 67 72
54 68 89
54 69 0
54 70 72
54 71 51
54 72 0
54 73 0
54 74 0
54 75 0
54 76 72
54 77 32
54 78 21
54 79 0
54 80 70
54 81 63
54 82 64
54 83 84
54 84 24
54 85 0
54 86 69
54 87 29
54 88 0
54 89 48
55 0 81
55 1 0
55 2 0
55 3 98
55 4 88
55 5 0
55 6 58
55 7 71
55 8 0
55 9 0
55 10 0
55 11 40
55 12 0
55 13 0
55 14 0
55 15 0
55 16 10
55 17 0
55 18 0
55 19 14
55 20 62
55 21 75
55 22 0
55 23 0
55 24 0
55 25 0
55 26 0
55 27 0
55 28 32
55 29 81
55 30 81
55 31 22
55 32 0
55 33 0
55 34 0
55 35 92
55 36 23
55 37 11
55 38 0
55 39 0
55 40 0
55 41 26
55 42 0
55 43 96
55 44 70
55 45 90
55 46 88
55 47 0
55 48 13
55 49 75
55 50 25
55 51 92
55 52 55
55 53 0
55 54 0
55 55 0
55 56 0
55 57 29
55 58 48
55 59 56
55 60 70
55 61 0
55 62 0
55 63 0
55 64 62
55 65 0
55 66 0
55 67 80
55 68 0
55 69 0
55 70 91
55 71 26
55 72 67
55 73 17
55 74 0
55 75 0
55 76 37
55 77 0
55 78 34
55 79 75
55 80 0
55 81 38
55 82 0
55 83 0
55 84 57
55 85 60
55 86 0
55 87 0
55 88 20
55 89 81
56 0 10
56 1 52
56 2 76
56 3 0
56 4 0
56 5 19
56 6 0
56 7 38
56 8 72
56 9 0
56 10 88
56 11 17
56 12 0
56 13 0
56 14 18
56 15 0
56 16 0
56 17 91
56 18 19
56 19 30
56 20 98
56 21 62
56 22 0
56 23 47
56 24 0
56 25 0
56 26 0
56 27 0
56 28 77
56 29 0
56 30 14
56 31 85
56 32 69
56 33 0
56 34 92
56 35 0
56 36 0
56 37 87
56 38 0
56 39 61
56 40 92
56 41 0
56 42 0
56 43 37
56 44 0
56 45 12
56 46 43
56 47 0
56 48 38
56 49 0
56 50 79
56 51 31
56 52 0
56 53 0
56 54 42
56 55 0
56 56 0
56 57 92
56 58 49
56 59 0
56 60 0
56 61 63
56 62 0
56 63 55
56 64 62
56 65 53
56 66 99
56 67 70
56 68 0
56 69 0
56 70 66
56 71 70
56 72 0
56 73 0
56 74 0
56 75 53
56 76 32
56 77 0
56 78 0
56 79 0
56 80 81
56 81 66
56 82 85
56 83 47
56 84 0
56 85 19
56 86 0
56 87 0
56 88 59
56 89 99
57 0 0
57 1 0
57 2 0
57 3 42
57 4 86
57 5 29
57 6 0
57 7 61
57 8 0
57 9 0
57 10 92
57 11 0
57 12 63
57 13 56
57 14 0
57 15 0
57 16 0
57 17 60
57 18 0
57 19 0
57 20 17
57 21 12
57 22 83
57 23 0
57 24 24
57 25 68
57 26 36
57 27 0
57 28 67
57 29 70
57 30 0
57 31 72
57 32 74
57 33 83
57 34 0
57 35 97
57 36 0
57 37 19
57 38 0
57 39 48
57 40 44
57 41 0
57 42 0
57 43 0
57 44 0
57 45 0
57 46 55
57 47 0
57 48 0
57 49 0
57 50 43
57 51 91
57 52 0
57 53 21
57 54 0
57 55 29
57 56 92
57 57 0
57 58 22
57 59 42
57 60 44
57 61 0
57 62 0
57 63 68
57 64 0
57 65 0
57 66 80
57 67 0
57 68 0
57 69 0
57 70 64
57 71 49
57 72 26
57 73 0
57 74 55
57 75 0
57 76 0
57 77 0
57 78 0
57 79 55
57 80 63
57 81 0
57 82 0
57 83 0
57 84 65
57 85 0
57 86 0
57 87 0
57 88 0
57 89 25
58 0 0
58 1 0
58 2 0
58 3 61
58 4 0
58 5 61
58 6 51
58 7 20
58 8 28
58 9 0
58 10 0
58 11 55
58 12 59
58 13 0
58 14 0
58 15 0
58 16 64
58 17 0
58 18 77
58 19 50
58 20 0
58 21 10
58 22 59
58 23 48
58 24 0
58 25 0
58 26 0
58 27 95
58 28 0
58 29 0
58 30 0
58 31 27
58 32 0
58 33 0
58 34 0
58 35 92
58 36 28
58 37 44
58 38 0
58 39 11
58 40 29
58 41 0
58 42 37
58 43 14
58 44 70
58 45 0
58 46 67
58 47 0
58 48 29
58 49 0
58 50 0
58 51 51
58 52 0
58 53 57
58 54 0
58 55 48
58 56 49
58 57 22
58 58 0
58 59 0
58 60 0
58 61 82
58 62 58
58 63 20
58 64 0
58 65 0
58 66 72
58 67 0
58 68 0
58 69 0
58 70 97
58 71 83
58 72 0
58 73 0
58 74 74
58 75 0
58 76 87
58 77 76
58 78 45
58 79 0
58 80 97
58 81 30
58 82 41
58 83 66
58 84 0
58 85 34
58 86 84
58 87 96
58 88 33
58 89 99
59 0 0
59 1 59
59 2 91
59 3 0
59 4 92
59 5 0
59 6 27
59 7 78
59 8 0
59 9 32
59 10 0
59 11 0
59 12 20
59 13 0
59 14 97
59 15 0
59 16 45
59 17 0
59 18 16
59 19 0
59 20 0
59 21 0
59 22 10
59 23 0
59 24 94
59 25 50
59 26 0
59 27 48
59 28 0
59 29 54
59 30 77
59 31 0
59 32 15
59 33 100
59 34 73
59 35 0
59 36 59
59 37 0
59 38 99
59 39 29
59 40 0
59 41 51
59 42 60
59 43 71
59 44 0
59 45 96
59 46 81
59 47 0
59 48 21
59 49 0
59 50 62
59 51 0
59 52 0
59 53 84
59 54 25
59 55 56
59 56 0
59 57 42
59 58 0
59 59 0
59 60 0
59 61 38
59 62 0
59 63 0
59 64 0
59 65 0
59 66 93
59 67 60
59 68 0
59 69 0
59 70 61
59 71 25
59 72 0
59 73 44
59 74 72
59 75 12
59 76 0
59 77 0
59 78 0
59 79 94
59 80 86
59 81 0
59 82 0
59 83 0
59 84 88
59 85 23
59 86 0
59 87 0
59 88 47
59 89 0
60 0 95
60 1 99
60 2 0
60 3 91
60 4 0
60 5 0
60 6 28
60 7 43
60 8 50
60 9 17
60 10 0
60 11 16
60 12 98
60 13 40
60 14 0
60 15 0
60 16 0
60 17 0
60 18 39
60 19 0
60 20 0
60 21 0
60 22 0
60 23 0
60 24 97
60 25 0
60 26 0
60 27 30
60 28 69
60 29 0
60 30 0
60 31 18
60 32 80
60 33 48
60 34 97
60 35 0
60 36 0
60 37 55
60 38 81
60 39 0
60 40 0
60 41 0
60 42 0
60 43 0
60 44 30
60 45 0
60 46 0
60 47 50
60 48 0
60 49 33
60 50 0
60 51 0
60 52 0
60 53 0
60 54 61
60 55 70
60 56 0
60 57 44
60 58 0
60 59 0
60 60 0
60 61 0
60 62 78
60 63 0
60 64 80
60 65 0
60 66 66
60 67 22
60 68 0
60 69 0
60 70 80
60 71 14
60 72 36
60 73 0
60 74 0
60 75 38
60 76 66
60 77 20
60 78 73
60 79 77
60 80 0
60 81 66
60 82 40
60 83 0
60 84 0
60 85 0
60 86 0
60 87 23
60 88 20
60 89 47
61 0 71
61 1 0
61 2 79
61 3 0
61 4 0
61 5 94
61 6 90
61 7 72
61 8 0
61 9 0
61 10 82
61 11 35
61 12 0
61 13 74
61 14 0
61 15 26
61 16 0
61 17 21
61 18 69
61 19 27
61 20 68
61 21 70
61 22 0
61 23 62
61 24 57
61 25 0
61 26 60
61 27 44
61 28 28
61 29 0
61 30 0
61 31 93
61 32 0
61 33 48
61 34 0
61 35 0
61 36 35
61 37 60
61 38 0
61 39 0
61 40 0
61 41 20
61 42 0
61 43 89
61 44 0
61 45 18
61 46 0
61 47 50
61 48 0
61 49 0
61 50 32
61 51 74
61 52 0
61 53 98
61 54 60
61 55 0
61 56 63
61 57 0
61 58 82
61 59 38
61 60 0
61 61 0
61 62 0
61 63 0
61 64 20
61 65 78
61 66 50
61 67 0
61 68 50
61 69 66
61 70 69
61 71 0
61 72 0
61 73 0
61 74 0
61 75 0
61 76 47
61 77 80
61 78 11
61 79 0
61 80 0
61 81 56
61 82 90
61 83 0
61 84 0
61 85 0
61 86 72
61 87 0
61 88 78
61 89 52
62 0 0
62 1 86
62 2 20
62 3 46
62 4 0
62 5 77
62 6 76
62 7 34
62 8 0
62 9 0
62 10 87
62 11 0
62 12 73
62 13 51
62 14 0
62 15 0
62 16 0
62 17 0
62 18 17
62 19 0
62 20 62
62 21 74
62 22 20
62 23 96
62 24 74
62 25 19
62 26 68
62 27 0
62 28 0
62 29 86
62 30 0
62 31 0
62 32 78
62 33 68
62 34 95
62 35 0
62 36 93
62 37 15
62 38 65
62 39 46
62 40 0
62 41 0
62 42 0
62 43 55
62 44 0
62 45 64
62 46 23
62 47 0
62 48 36
62 49 32
62 50 0
62 51 0
62 52 0
62 53 0
62 54 70
62 55 0
62 56 0
62 57 0
62 58 58
62 59 0
62 60 78
62 61 0
62 62 0
62 63 11
62 64 51
62 65 100
62 66 0
62 67 0
62 68 71
62 69 0
62 70 0
62 71 0
62 72 0
62 73 29
62 74 0
62 75 13
62 76 24
62 77 0
62 78 0
62 79 0
62 80 80
62 81 0
62 82 0
62 83 61
62 84 0
62 85 0
62 86 0
62 87 0
62 88 75
62 89 55
63 0 0
63 1 0
63 2 0
63 3 58
63 4 45
63 5 95
63 6 0
63 7 0
63 8 0
63 9 45
63 10 0
63 11 30
63 12 77
63 13 79
63 14 0
63 15 66
63 16 68
63 17 15
63 18 0
63 19 28
63 20 24
63 21 89
63 22 45
63 23 0
63 24 0
63 25 0
63 26 90
63 27 0
63 28 0
63 29 0
63 30 97
63 31 0
63 32 0
63 33 0
63 34 0
63 35 13
63 36 0
63 37 45
63 38 64
63 39 12
63 40 28
63 41 0
63 42 0
63 43 0
63 44 48
63 45 0
63 46 0
63 47 82
63 48 19
63 49 51
63 50 0
63 51 15
63 52 0
63 53 34
63 54 100
63 55 0
63 56 55
63 57 68
63 58 20
63 59 0
63 60 0
63 61 0
63 62 11
63 63 0
63 64 87
63 65 55
63 66 46
63 67 69
63 68 0
63 69 0
63 70 0
63 71 0
63 72 94
63 73 68
63 74 0
63 75 67
63 76 40
63 77 100
63 78 33
63 79 39
63 80 0
63 81 0
63 82 73
63 83 86
63 84 0
63 85 40
63 86 94
63 87 0
63 88 0
63 89 0
64 0 48
64 1 0
64 2 17
64 3 76
64 4 0
64 5 0
64 6 0
64 7 0
64 8 0
64 9 82
64 10 91
64 11 0
64 12 0
64 13 52
64 14 17
64 15 28
64 16 73
64 17 0
64 18 0
64 19 0
64 20 0
64 21 85
64 22 0
64 23 43
64 24 99
64 25 82
64 26 0
64 27 0
64 28 75
64 29 94
64 30 0
64 31 39
64 32 0
64 33 71
64 34 96
64 35 20
64 36 0
64 37 24
64 38 0
64 39 0
64 40 57
64 41 0
64 42 39
64 43 34
64 44 13
64 45 58
64 46 78
64 47 0
64 48 48
64 49 93
64 50 0
64 51 0
64 52 0
64 53 52
64 54 57
64 55 62
64 56 62
64 57 0
64 58 0
64 59 0
64 60 80
64 61 20
64 62 51
64 63 87
64 64 0
64 65 0
64 66 0
64 67 0
64 68 0
64 69 0
64 70 51
64 71 0
64 72 54
64 73 0
64 74 0
64 75 59
64 76 31
64 77 66
64 78 74
64 79 94
64 80 0
64 81 86
64 82 68
64 83 74
64 84 25
64 85 0
64 86 97
64 87 0
64 88 0
64 89 63
65 0 0
65 1 0
65 2 0
65 3 0
65 4 68
65 5 0
65 6 56
65 7 13
65 8 0
65 9 0
65 10 0
65 11 65
65 12 90
65 13 57
65 14 76
65 15 0
65 16 0
65 17 98
65 18 61
65 19 37
65 20 24
65 21 0
65 22 0
65 23 0
65 24 0
65 25 0
65 26 0
65 27 55
65 28 55
65 29 0
65 30 0
65 31 0
65 32 80
65 33 88
65 34 65
65 35 62
65 36 20
65 37 15
65 38 62
65 39 39
65 40 25
65 41 43
65 42 0
65 43 49
65 44 15
65 45 69
65 46 97
65 47 15
65 48 0
65 49 0
65 50 0
65 51 0
65 52 0
65 53 27
65 54 0
65 55 0
65 56 53
65 57 0
65 58 0
65 59 0
65 60 0
65 61 78
65 62 100
65 63 55
65 64 0
65 65 0
65 66 95
65 67 0
65 68 0
65 69 0
65 70 0
65 71 0
65 72 10
65 73 0
65 74 33
65 75 0
65 76 69
65 77 0
65 78 48
65 79 0
65 80 0
65 81 0
65 82 30
65 83 31
65 84 99
65 85 25
65 86 84
65 87 36
65 88 0
65 89 40
66 0 10
66 1 56
66 2 70
66 3 0
66 4 0
66 5 71
66 6 61
66 7 0
66 8 0
66 9 10
66 10 61
66 11 73
66 12 0
66 13 49
66 14 28
66 15 0
66 16 71
66 17 29
66 18 60
66 19 0
66 20 60
66 21 97
66 22 0
66 23 0
66 24 0
66 25 10
66 26 0
66 27 66
66 28 21
66 29 39
66 30 0
66 31 58
66 32 92
66 33 0
66 34 29
66 35 74
66 36 97
66 37 59
66 38 17
66 39 55
66 40 0
66 41 0
66 42 82
66 43 63
66 44 100
66 45 0
66 46 51
66 47 66
66 48 0
66 49 57
66 50 72
66 51 0
66 52 0
66 53 22
66 54 61
66 55 0
66 56 99
66 57 80
66 58 72
66 59 93
66 60 66
66 61 50
66 62 0
66 63 46
66 64 0
66 65 95
66 66 0
66 67 0
66 68 0
66 69 0
66 70 27
66 71 42
66 72 0
66 73 0
66 74 49
66 75 0
66 76 0
66 77 0
66 78 0
66 79 0
66 80 74
66 81 98
66 82 10
66 83 28
66 84 0
66 85 0
66 86 20
66 87 0
66 88 0
66 89 20
67 0 13
67 1 39
67 2 0
67 3 14
67 4 0
67 5 20
67 6 62
67 7 26
67 8 44
67 9 94
67 10 50
67 11 15
67 12 55
67 13 80
67 14 0
67 15 73
67 16 0
67 17 91
67 18 93
67 19 0
67 20 17
67 21 15
67 22 0
67 23 0
67 24 0
67 25 30
67 26 0
67 27 40
67 28 35
67 29 0
67 30 0
67 31 0
67 32 0
67 33 0
67 34 56
67 35 0
67 36 0
67 37 0
67 38 56
67 39 0
67 40 42
67 41 33
67 42 0
67 43 65
67 44 0
67 45 0
67 46 22
67 47 0
67 48 96
67 49 86
67 50 0
67 51 55
67 52 10
67 53 61
67 54 72
67 55 80
67 56 70
67 57 0
67 58 0
67 59 60
67 60 22
67 61 0
67 62 0
67 63 69
67 64 0
67 65 0
67 66 0
67 67 0
67 68 0
67 69 0
67 70 67
67 71 44
67 72 27
67 73 47
67 74 0
67 75 0
67 76 0
67 77 51
67 78 0
67 79 67
67 80 34
67 81 0
67 82 0
67 83 0
67 84 0
67 85 80
67 86 0
67 87 0
67 88 13
67 89 44
68 0 0
68 1 82
68 2 0
68 3 70
68 4 0
68 5 33
68 6 13
68 7 45
68 8 0
68 9 53
68 10 96
68 11 40
68 12 60
68 13 98
68 14 0
68 15 0
68 16 0
68 17 18
68 18 0
68 19 0
68 20 0
68 21 0
68 22 0
68 23 92
68 24 0
68 25 0
68 26 0
68 27 0
68 28 0
68 29 0
68 30 81
68 31 0
68 32 0
68 33 13
68 34 32
68 35 41
68 36 89
68 37 0
68 38 0
68 39 57
68 40 46
68 41 66
68 42 0
68 43 42
68 44 0
68 45 94
68 46 93
68 47 0
68 48 0
68 49 0
68 50 0
68 51 87
68 52 98
68 53 0
68 54 89
68 55 0
68 56 0
68 57 0
68 58 0
68 59 0
68 60 0
68 61 50
68 62 71
68 63 0
68 64 0
68 65 0
68 66 0
68 67 0
68 68 0
68 69 0
68 70 91
68 71 0
68 72 43
68 73 0
68 74 82
68 75 87
68 76 0
68 77 74
68 78 0
68 79 0
68 80 10
68 81 19
68 82 90
68 83 10
68 84 69
68 85 47
68 86 0
68 87 0
68 88 97
68 89 0
69 0 0
69 1 0
69 2 0
69 3 0
69 4 51
69 5 0
69 6 0
69 7 0
69 8 0
69 9 17
69 10 0
69 11 13
69 12 96
69 13 16
69 14 0
69 15 70
69 16 0
69 17 0
69 18 41
69 19 53
69 20 95
69 21 0
69 22 0
69 23 61
69 24 53
69 25 19
69 26 0
69 27 0
69 28 0
69 29 61
69 30 0
69 31 0
69 32 55
69 33 0
69 34 42
69 35 51
69 36 82
69 37 91
69 38 96
69 39 68
69 40 0
69 41 53
69 42 98
69 43 0
69 44 30
69 45 99
69 46 0
69 47 33
69 48 90
69 49 33
69 50 0
69 51 0
69 52 0
69 53 0
69 54 0
69 55 0
69 56 0
69 57 0
69 58 0
69 59 0
69 60 0
69 61 66
69 62 0
69 63 0
69 64 0
69 65 0
69 66 0
69 67 0
69 68 0
69 69 0
69 70 88
69 71 64
69 72 0
69 73 20
69 74 0
69 75 11
69 76 0
69 77 0
69 78 0
69 79 65
69 80 12
69 81 0
69 82 0
69 83 0
69 84 25
69 85 93
69 86 0
69 87 0
69 88 0
69 89 0
70 0 0
70 1 0
70 2 0
70 3 0
70 4 0
70 5 0
70 6 0
70 7 0
70 8 30
70 9 0
70 10 69
70 11 0
70 12 91
70 13 77
70 14 45
70 15 26
70 16 0
70 17 0
70 18 79
70 19 69
70 20 0
70 21 0
70 22 82
70 23 0
70 24 0
70 25 0
70 26 86
70 27 41
70 28 99
70 29 37
70 30 0
70 31 0
70 32 37
70 33 77
70 34 0
70 35 48
70 36 0
70 37 0
70 38 72
70 39 38
70 40 0
70 41 75
70 42 0
70 43 95
70 44 0
70 45 63
70 46 0
70 47 95
70 48 78
70 49 0
70 50 0
70 51 22
70 52 100
70 53 52
70 54 72
70 55 91
70 56 66
70 57 64
70 58 97
70 59 61
70 60 80
70 61 69
70 62 0
70 63 0
70 64 51
70 65 0
70 66 27
70 67 67
70 68 91
70 69 88
70 70 0
70 71 0
70 72 27
70 73 0
70 74 15
70 75 0
70 76 0
70 77 55
70 78 39
70 79 69
70 80 64
70 81 0
70 82 55
70 83 0
70 84 0
70 85 0
70 86 0
70 87 47
70 88 63
70 89 33
71 0 84
71 1 0
71 2 0
71 3 0
71 4 0
71 5 0
71 6 44
71 7 48
71 8 96
71 9 49
71 10 0
71 11 10
71 12 41
71 13 0
71 14 25
71 15 65
71 16 62
71 17 0
71 18 95
71 19 56
71 20 59
71 21 0
71 22 0
71 23 44
71 24 0
71 25 17
71 26 44
71 27 38
71 28 0
71 29 10
71 30 0
71 31 84
71 32 0
71 33 82
71 34 31
71 35 0
71 36 0
71 37 72
71 38 91
71 39 87
71 40 63
71 41 88
71 42 0
71 43 0
71 44 66
71 45 0
71 46 22
71 47 21
71 48 83
71 49 0
71 50 20
71 51 0
71 52 12
71 53 0
71 54 51
71 55 26
71 56 70
71 57 49
71 58 83
71 59 25
71 60 14
71 61 0
71 62 0
71 63 0
71 64 0
71 65 0
71 66 42
71 67 44
71 68 0
71 69 64
71 70 0
71 71 0
71 72 94
71 73 0
71 74 87
71 75 91
71 76 0
71 77 87
71 78 100
71 79 14
71 80 42
71 81 64
71 82 20
71 83 0
71 84 15
71 85 0
71 86 0
71 87 0
71 88 41
71 89 66
72 0 0
72 1 0
72 2 0
72 3 0
72 4 49
72 5 39
72 6 94
72 7 0
72 8 0
72 9 74
72 10 25
72 11 71
72 12 82
72 13 0
72 14 76
72 15 0
72 16 0
72 17 0
72 18 0
72 19 0
72 20 85
72 21 0
72 22 46
72 23 0
72 24 0
72 25 72
72 26 0
72 27 0
72 28 53
72 29 50
72 30 0
72 31 98
72 32 0
72 33 0
72 34 99
72 35 56
72 36 77
72 37 76
72 38 60
72 39 0
72 40 18
72 41 29
72 42 0
72 43 42
72 44 0
72 45 89
72 46 0
72 47 0
72 48 0
72 49 0
72 50 0
72 51 0
72 52 92
72 53 0
72 54 0
72 55 67
72 56 0
72 57 26
72 58 0
72 59 0
72 60 36
72 61 0
72 62 0
72 63 94
72 64 54
72 65 10
72 66 0
72 67 27
72 68 43
72 69 0
72 70 27
72 71 94
72 72 0
72 73 0
72 74 15
72 75 0
72 76 94
72 77 29
72 78 57
72 79 0
72 80 0
72 81 17
72 82 0
72 83 55
72 84 0
72 85 0
72 86 80
72 87 64
72 88 39
72 89 0
73 0 34
73 1 0
73 2 87
73 3 70
73 4 0
73 5 76
73 6 0
73 7 0
73 8 59
73 9 0
73 10 0
73 11 55
73 12 97
73 13 32
73 14 17
73 15 0
73 16 76
73 17 72
73 18 0
73 19 0
73 20 25
73 21 47
73 22 0
73 23 0
73 24 39
73 25 0
73 26 68
73 27 44
73 28 0
73 29 28
73 30 96
73 31 0
73 32 0
73 33 77
73 34 0
73 35 0
73 36 72
73 37 0
73 38 0
73 39 48
73 40 49
73 41 31
73 42 36
73 43 0
73 44 17
73 45 0
73 46 91
73 47 0
73 48 89
73 49 51
73 50 99
73 51 0
73 52 0
73 53 39
73 54 0
73 55 17
73 56 0
73 57 0
73 58 0
73 59 44
73 60 0
73 61 0
73 62 29
73 63 68
73 64 0
73 65 0
73 66 0
73 67 47
73 68 0
73 69 20
73 70 0
73 71 0
73 72 0
73 73 0
73 74 0
73 75 0
73 76 0
73 77 0
73 78 0
73 79 0
73 80 65
73 81 84
73 82 64
73 83 61
73 84 0
73 85 0
73 86 100
73 87 75
73 88 92
73 89 0
74 0 0
74 1 75
74 2 13
74 3 66
74 4 0
74 5 0
74 6 0
74 7 0
74 8 0
74 9 68
74 10 0
74 11 0
74 12 54
74 13 0
74 14 44
74 15 70
74 16 63
74 17 0
74 18 0
74 19 63
74 20 42
74 21 95
74 22 99
74 23 94
74 24 0
74 25 62
74 26 0
74 27 28
74 28 0
74 29 0
74 30 0
74 31 34
74 32 0
74 33 83
74 34 100
74 35 0
74 36 59
74 37 0
74 38 0
74 39 0
74 40 0
74 41 51
74 42 0
74 43 88
74 44 11
74 45 98
74 46 49
74 47 0
74 48 18
74 49 0
74 50 42
74 51 21
74 52 97
74 53 0
74 54 0
74 55 0
74 56 0
74 57 55
74 58 74
74 59 72
74 60 0
74 61 0
74 62 0
74 63 0
74 64 0
74 65 33
74 66 49
74 67 0
74 68 82
74 69 0
74 70 15
74 71 87
74 72 15
74 73 0
74 74 0
74 75 0
74 76 0
74 77 28
74 78 67
74 79 0
74 80 39
74 81 44
74 82 92
74 83 0
74 84 88
74 85 90
74 86 0
74 87 0
74 88 22
74 89 0
75 0 0
75 1 66
75 2 0
75 3 35
75 4 68
75 5 32
75 6 37
75 7 0
75 8 97
75 9 86
75 10 34
75 11 0
75 12 0
75 13 76
75 14 66
75 15 71
75 16 25
75 17 100
75 18 0
75 19 0
75 20 0
75 21 98
75 22 0
75 23 90
75 24 0
75 25 26
75 26 54
75 27 25
75 28 32
75 29 0
75 30 38
75 31 30
75 32 91
75 33 41
75 34 97
75 35 0
75 36 34
75 37 0
75 38 0
75 39 0
75 40 0
75 41 20
75 42 58
75 43 36
75 44 38
75 45 65
75 46 0
75 47 0
75 48 87
75 49 0
75 50 0
75 51 15
75 52 0
75 53 0
75 54 0
75 55 0
75 56 53
75 57 0
75 58 0
75 59 12
75 60 38
75 61 0
75 62 13
75 63 67
75 64 59
75 65 0
75 66 0
75 67 0
75 68 87
75 69 11
75 70 0
75 71 91
75 72 0
75 73 0
75 74 0
75 75 0
75 76 0
75 77 0
75 78 95
75 79 45
75 80 0
75 81 27
75 82 66
75 83 0
75 84 93
75 85 0
75 86 0
75 87 19
75 88 0
75 89 80
76 0 64
76 1 0
76 2 26
76 3 0
76 4 46
76 5 39
76 6 0
76 7 0
76 8 39
76 9 0
76 10 0
76 11 0
76 12 79
76 13 29
76 14 25
76 15 46
76 16 0
76 17 65
76 18 96
76 19 0
76 20 0
76 21 74
76 22 0
76 23 98
76 24 69
76 25 34
76 26 0
76 27 88
76 28 87
76 29 0
76 30 59
76 31 0
76 32 0
76 33 72
76 34 0
76 35 66
76 36 96
76 37 0
76 38 83
76 39 34
76 40 69
76 41 0
76 42 100
76 43 54
76 44 68
76 45 0
76 46 0
76 47 0
76 48 0
76 49 0
76 50 14
76 51 84
76 52 0
76 53 0
76 54 72
76 55 37
76 56 32
76 57 0
76 58 87
76 59 0
76 60 66
76 61 47
76 62 24
76 63 40
76 64 31
76 65 69
76 66 0
76 67 0
76 68 0
76 69 0
76 70 0
76 71 0
76 72 94
76 73 0
76 74 0
76 75 0
76 76 0
76 77 35
76 78 0
76 79 59
76 80 0
76 81 55
76 82 0
76 83 92
76 84 0
76 85 0
76 86 0
76 87 0
76 88 94
76 89 22
77 0 33
77 1 69
77 2 0
77 3 99
77 4 98
77 5 25
77 6 0
77 7 87
77 8 24
77 9 0
77 10 0
77 11 87
77 12 0
77 13 61
77 14 0
77 15 0
77 16 17
77 17 43
77 18 75
77 19 63
77 20 43
77 21 14
77 22 0
77 23 0
77 24 0
77 25 41
77 26 97
77 27 0
77 28 0
77 29 0
77 30 12
77 31 44
77 32 0
77 33 77
77 34 0
77 35 0
77 36 97
77 37 0
77 38 0
77 39 88
77 40 0
77 41 0
77 42 0
77 43 84
77 44 0
77 45 43
77 46 0
77 47 52
77 48 80
77 49 96
77 50 0
77 51 0
77 52 22
77 53 61
77 54 32
77 55 0
77 56 0
77 57 0
77 58 76
77 59 0
77 60 20
77 61 80
77 62 0
77 63 100
77 64 66
77 65 0
77 66 0
77 67 51
77 68 74
77 69 0
77 70 55
77 71 87
77 72 29
77 73 0
77 74 28
77 75 0
77 76 35
77 77 0
77 78 16
77 79 67
77 80 0
77 81 0
77 82 98
77 83 77
77 84 0
77 85 0
77 86 24
77 87 86
77 88 0
77 89 78
78 0 0
78 1 66
78 2 83
78 3 0
78 4 0
78 5 81
78 6 0
78 7 0
78 8 51
78 9 34
78 10 70
78 11 0
78 12 36
78 13 0
78 14 0
78 15 0
78 16 79
78 17 0
78 18 0
78 19 0
78 20 0
78 21 0
78 22 0
78 23 0
78 24 79
78 25 20
78 26 0
78 27 0
78 28 23
78 29 90
78 30 68
78 31 0
78 32 0
78 33 74
78 34 0
78 35 63
78 36 0
78 37 0
78 38 0
78 39 69
78 40 60
78 41 0
78 42 31
78 43 0
78 44 0
78 45 74
78 46 43
78 47 0
78 48 50
78 49 96
78 50 24
78 51 0
78 52 0
78 53 97
78 54 21
78 55 34
78 56 0
78 57 0
78 58 45
78 59 0
78 60 73
78 61 11
78 62 0
78 63 33
78 64 74
78 65 48
78 66 0
78 67 0
78 68 0
78 69 0
78 70 39
78 71 100
78 72 57
78 73 0
78 74 67
78 75 95
78 76 0
78 77 16
78 78 0
78 79 78
78 80 0
78 81 73
78 82 60
78 83 44
78 84 0
78 85 0
78 86 0
78 87 94
78 88 0
78 89 0
79 0 86
79 1 36
79 2 43
79 3 0
79 4 0
79 5 10
79 6 0
79 7 58
79 8 0
79 9 63
79 10 50
79 11 16
79 12 35
79 13 93
79 14 41
79 15 0
79 16 0
79 17 0
79 18 0
79 19 11
79 20 0
79 21 0
79 22 0
79 23 92
79 24 0
79 25 45
79 26 0
79 27 0
79 28 69
79 29 37
79 30 0
79 31 0
79 32 0
79 33 99
79 34 0
79 35 0
79 36 0
79 37 0
79 38 0
79 39 66
79 40 54
79 41 0
79 42 0
79 43 95
79 44 86
79 45 0
79 46 0
79 47 33
79 48 91
79 49 0
79 50 79
79 51 62
79 52 0
79 53 0
79 54 0
79 55 75
79 56 0
79 57 55
79 58 0
79 59 94
79 60 77
79 61 0
79 62 0
79 63 39
79 64 94
79 65 0
79 66 0
79 67 67
79 68 0
79 69 65
79 70 69
79 71 14
79 72 0
79 73 0
79 74 0
79 75 45
79 76 59
79 77 67
79 78 78
79 79 0
79 80 33
79 81 28
79 82 0
79 83 47
79 84 63
79 85 0
79 86 28
79 87 0
79 88 0
79 89 81
80 0 0
80 1 0
80 2 63
80 3 0
80 4 50
80 5 38
80 6 0
80 7 0
80 8 0
80 9 87
80 10 30
80 11 0
80 12 70
80 13 0
80 14 72
80 15 86
80 16 0
80 17 0
80 18 0
80 19 89
80 20 0
80 21 15
80 22 0
80 23 0
80 24 0
80 25 87
80 26 0
80 27 0
80 28 35
80 29 0
80 30 0
80 31 82
80 32 78
80 33 0
80 34 55
80 35 81
80 36 0
80 37 80
80 38 0
80 39 0
80 40 0
80 41 86
80 42 0
80 43 0
80 44 0
80 45 0
80 46 64
80 47 43
80 48 92
80 49 41
80 50 48
80 51 73
80 52 66
80 53 0
80 54 70
80 55 0
80 56 81
80 57 63
80 58 97
80 59 86
80 60 0
80 61 0
80 62 80
80 63 0
80 64 0
80 65 0
80 66 74
80 67 34
80 68 10
80 69 12
80 70 64
80 71 42
80 72 0
80 73 65
80 74 39
80 75 0
80 76 0
80 77 0
80 78 0
80 79 33
80 80 0
80 81 0
80 82 0
80 83 17
80 84 0
80 85 77
80 86 0
80 87 0
80 88 0
80 89 0
81 0 0
81 1 100
81 2 89
81 3 0
81 4 0
81 5 0
81 6 0
81 7 0
81 8 0
81 9 0
81 10 0
81 11 87
81 12 0
81 13 83
81 14 0
81 15 28
81 16 0
81 17 89
81 18 0
81 19 0
81 20 0
81 21 0
81 22 45
81 23 0
81 24 0
81 25 0
81 26 0
81 27 0
81 28 11
81 29 89
81 30 0
81 31 73
81 32 0
81 33 0
81 34 70
81 35 41
81 36 0
81 37 0
81 38 83
81 39 0
81 40 72
81 41 100
81 42 19
81 43 71
81 44 0
81 45 66
81 46 17
81 47 55
81 48 55
81 49 0
81 50 38
81 51 0
81 52 64
81 53 70
81 54 63
81 55 38
81 56 66
81 57 0
81 58 30
81 59 0
81 60 66
81 61 56
81 62 0
81 63 0
81 64 86
81 65 0
81 66 98
81 67 0
81 68 19
81 69 0
81 70 0
81 71 64
81 72 17
81 73 84
81 74 44
81 75 27
81 76 55
81 77 0
81 78 73
81 79 28
81 80 0
81 81 0
81 82 0
81 83 0
81 84 0
81 85 64
81 86 0
81 87 45
81 88 0
81 89 27
82 0 0
82 1 0
82 2 60
82 3 0
82 4 33
82 5 18
82 6 26
82 7 73
82 8 64
82 9 28
82 10 0
82 11 0
82 12 69
82 13 47
82 14 68
82 15 64
82 16 0
82 17 70
82 18 51
82 19 25
82 20 73
82 21 91
82 22 0
82 23 100
82 24 76
82 25 0
82 26 0
82 27 0
82 28 0
82 29 0
82 30 0
82 31 51
82 32 76
82 33 0
82 34 28
82 35 52
82 36 0
82 37 0
82 38 38
82 39 0
82 40 54
82 41 0
82 42 0
82 43 42
82 44 0
82 45 85
82 46 0
82 47 0
82 48 75
82 49 79
82 50 0
82 51 0
82 52 92
82 53 0
82 54 64
82 55 0
82 56 85
82 57 0
82 58 41
82 59 0
82 60 40
82 61 90
82 62 0
82 63 73
82 64 68
82 65 30
82 66 10
82 67 0
82 68 90
82 69 0
82 70 55
82 71 20
82 72 0
82 73 64
82 74 92
82 75 66
82 76 0
82 77 98
82 78 60
82 79 0
82 80 0
82 81 0
82 82 0
82 83 99
82 84 0
82 85 40
82 86 36
82 87 0
82 88 34
82 89 0
83 0 0
83 1 0
83 2 90
83 3 0
83 4 0
83 5 0
83 6 0
83 7 20
83 8 79
83 9 90
83 10 90
83 11 90
83 12 65
83 13 42
83 14 89
83 15 74
83 16 58
83 17 12
83 18 0
83 19 0
83 20 68
83 21 0
83 22 0
83 23 0
83 24 43
83 25 62
83 26 0
83 27 26
83 28 0
83 29 96
83 30 0
83 31 91
83 32 0
83 33 0
83 34 33
83 35 25
83 36 0
83 37 42
83 38 58
83 39 0
83 40 96
83 41 34
83 42 0
83 43 73
83 44 50
83 45 0
83 46 0
83 47 0
83 48 0
83 49 0
83 50 0
83 51 23
83 52 84
83 53 49
83 54 84
83 55 0
83 56 47
83 57 0
83 58 66
83 59 0
83 60 0
83 61 0
83 62 61
83 63 86
83 64 74
83 65 31
83 66 28
83 67 0
83 68 10
83 69 0
83 70 0
83 71 0
83 72 55
83 73 61
83 74 0
83 75 0
83 76 92
83 77 77
83 78 44
83 79 47
83 80 17
83 81 0
83 82 99
83 83 0
83 84 23
83 85 0
83 86 36
83 87 53
83 88 0
83 89 11
84 0 0
84 1 0
84 2 0
84 3 0
84 4 0
84 5 0
84 6 0
84 7 0
84 8 74
84 9 73
84 10 55
84 11 80
84 12 0
84 13 0
84 14 91
84 15 0
84 16 26
84 17 26
84 18 0
84 19 23
84 20 0
84 21 86
84 22 25
84 23 26
84 24 0
84 25 14
84 26 80
84 27 0
84 28 0
84 29 0
84 30 0
84 31 0
84 32 0
84 33 0
84 34 82
84 35 0
84 36 0
84 37 14
84 38 0
84 39 89
84 40 91
84 41 40
84 42 79
84 43 0
84 44 79
84 45 0
84 46 77
84 47 93
84 48 35
84 49 53
84 50 12
84 51 47
84 52 22
84 53 63
84 54 24
84 55 57
84 56 0
84 57 65
84 58 0
84 59 88
84 60 0
84 61 0
84 62 0
84 63 0
84 64 25
84 65 99
84 66 0
84 67 0
84 68 69
84 69 25
84 70 0
84 71 15
84 72 0
84 73 0
84 74 88
84 75 93
84 76 0
84 77 0
84 78 0
84 79 63
84 80 0
84 81 0
84 82 0
84 83 23
84 84 0
84 85 69
84 86 58
84 87 0
84 88 0
84 89 92
85 0 57
85 1 82
85 2 50
85 3 45
85 4 0
85 5 0
85 6 88
85 7 56
85 8 0
85 9 13
85 10 23
85 11 0
85 12 52
85 13 27
85 14 0
85 15 0
85 16 0
85 17 0
85 18 33
85 19 0
85 20 32
85 21 11
85 22 65
85 23 0
85 24 0
85 25 20
85 26 0
85 27 0
85 28 0
85 29 75
85 30 0
85 31 0
85 32 62
85 33 0
85 34 0
85 35 30
85 36 26
85 37 59
85 38 0
85 39 0
85 40 37
85 41 24
85 42 40
85 43 0
85 44 16
85 45 50
85 46 0
85 47 0
85 48 45
85 49 91
85 50 0
85 51 11
85 52 57
85 53 0
85 54 0
85 55 60
85 56 19
85 57 0
85 58 34
85 59 23
85 60 0
85 61 0
85 62 0
85 63 40
85 64 0
85 65 25
85 66 0
85 67 80
85 68 47
85 69 93
85 70 0
85 71 0
85 72 0
85 73 0
85 74 90
85 75 0
85 76 0
85 77 0
85 78 0
85 79 0
85 80 77
85 81 64
85 82 40
85 83 0
85 84 69
85 85 0
85 86 0
85 87 0
85 88 0
85 89 0
86 0 0
86 1 0
86 2 0
86 3 99
86 4 0
86 5 23
86 6 50
86 7 44
86 8 67
86 9 0
86 10 81
86 11 90
86 12 0
86 13 73
86 14 33
86 15 0
86 16 96
86 17 0
86 18 97
86 19 0
86 20 0
86 21 0
86 22 64
86 23 17
86 24 23
86 25 34
86 26 0
86 27 0
86 28 97
86 29 0
86 30 92
86 31 0
86 32 20
86 33 44
86 34 0
86 35 72
86 36 0
86 37 46
86 38 33
86 39 57
86 40 0
86 41 0
86 42 65
86 43 0
86 44 0
86 45 100
86 46 0
86 47 94
86 48 0
86 49 0
86 50 47
86 51 89
86 52 84
86 53 0
86 54 69
86 55 0
86 56 0
86 57 0
86 58 84
86 59 0
86 60 0
86 61 72
86 62 0
86 63 94
86 64 97
86 65 84
86 66 20
86 67 0
86 68 0
86 69 0
86 70 0
86 71 0
86 72 80
86 73 100
86 74 0
86 75 0
86 76 0
86 77 24
86 78 0
86 79 28
86 80 0
86 81 0
86 82 36
86 83 36
86 84 58
86 85 0
86 86 0
86 87 58
86 88 45
86 89 39
87 0 99
87 1 63
87 2 25
87 3 0
87 4 19
87 5 38
87 6 20
87 7 0
87 8 69
87 9 0
87 10 0
87 11 0
87 12 46
87 13 0
87 14 32
87 15 0
87 16 0
87 17 14
87 18 0
87 19 44
87 20 0
87 21 0
87 22 50
87 23 59
87 24 29
87 25 0
87 26 38
87 27 0
87 28 41
87 29 0
87 30 25
87 31 23
87 32 0
87 33 0
87 34 27
87 35 45
87 36 41
87 37 15
87 38 0
87 39 71
87 40 72
87 41 0
87 42 0
87 43 37
87 44 0
87 45 0
87 46 88
87 47 0
87 48 0
87 49 0
87 50 0
87 51 10
87 52 0
87 53 11
87 54 29
87 55 0
87 56 0
87 57 0
87 58 96
87 59 0
87 60 23
87 61 0
87 62 0
87 63 0
87 64 0
87 65 36
87 66 0
87 67 0
87 68 0
87 69 0
87 70 47
87 71 0
87 72 64
87 73 75
87 74 0
87 75 19
87 76 0
87 77 86
87 78 94
87 79 0
87 80 0
87 81 45
87 82 0
87 83 53
87 84 0
87 85 0
87 86 58
87 87 0
87 88 77
87 89 0
88 0 0
88 1 0
88 2 0
88 3 100
88 4 22
88 5 75
88 6 31
88 7 94
88 8 83
88 9 93
88 10 0
88 11 0
88 12 0
88 13 86
88 14 38
88 15 87
88 16 0
88 17 61
88 18 18
88 19 100
88 20 0
88 21 0
88 22 75
88 23 45
88 24 56
88 25 68
88 26 0
88 27 99
88 28 94
88 29 29
88 30 0
88 31 0
88 32 60
88 33 0
88 34 0
88 35 0
88 36 25
88 37 0
88 38 38
88 39 0
88 40 0
88 41 0
88 42 0
88 43 82
88 44 22
88 45 46
88 46 14
88 47 0
88 48 91
88 49 0
88 50 0
88 51 0
88 52 0
88 53 0
88 54 0
88 55 20
88 56 59
88 57 0
88 58 33
88 59 47
88 60 20
88 61 78
88 62 75
88 63 0
88 64 0
88 65 0
88 66 0
88 67 13
88 68 97
88 69 0
88 70 63
88 71 41
88 72 39
88 73 92
88 74 22
88 75 0
88 76 94
88 77 0
88 78 0
88 79 0
88 80 0
88 81 0
88 82 34
88 83 0
88 84 0
88 85 0
88 86 45
88 87 77
88 88 0
88 89 0
89 0 0
89 1 0
89 2 85
89 3 0
89 4 31
89 5 0
89 6 0
89 7 40
89 8 37
89 9 0
89 10 0
89 11 0
89 12 0
89 13 0
89 14 0
89 15 82
89 16 14
89 17 18
89 18 0
89 19 35
89 20 0
89 21 34
89 22 0
89 23 0
89 24 23
89 25 0
89 26 0
89 27 39
89 28 0
89 29 0
89 30 0
89 31 0
89 32 0
89 33 0
89 34 57
89 35 30
89 36 0
89 37 71
89 38 0
89 39 0
89 40 70
89 41 74
89 42 0
89 43 0
89 44 0
89 45 70
89 46 60
89 47 0
89 48 17
89 49 62
89 50 58
89 51 59
89 52 50
89 53 81
89 54 48
89 55 81
89 56 99
89 57 25
89 58 99
89 59 0
89 60 47
89 61 52
89 62 55
89 63 0
89 64 63
89 65 40
89 66 20
89 67 44
89 68 0
89 69 0
89 70 33
89 71 66
89 72 0
89 73 0
89 74 0
89 75 80
89 76 22
89 77 78
89 78 0
89 79 81
89 80 0
89 81 27
89 82 0
89 83 11
89 84 92
89 85 0
89 86 39
89 87 0
89 88 0
89 89 0
